0 0.196566 0.456414 0.105804 0.0902923
1 0.175009 0.455264 0.0438691 0.0791972
1 0.21796 0.454016 0.0525683 0.0934076
0 0.197516 0.451973 0.135749 0.117952
1 0.225354 0.449504 0.0465886 0.0900626
1 0.183086 0.448286 0.0609985 0.0688807
1 0.198222 0.431693 0.112398 0.0438113
1 0.166919 0.454572 0.0416658 0.0797413
1 0.205401 0.459798 0.0781691 0.0843419
1 0.189353 0.43995 0.0779834 0.0526583
1 0.176168 0.444055 0.0475069 0.0637636
0 0.196009 0.444437 0.0973752 0.0728998
1 0.190062 0.474466 0.107369 0.048721
1 0.197811 0.425499 0.102302 0.0364889
0 0.19679 0.457163 0.0965572 0.0527762
0 0.190063 0.47534 0.181318 0.149278
0 0.195963 0.464647 0.107769 0.0588851
