0 0.897958 0.622586 0.116552 0.0940646
1 0.900242 0.603039 0.112188 0.0431664
1 0.888922 0.613286 0.0741278 0.0624721
1 0.87761 0.615468 0.0618379 0.0776768
1 0.893868 0.639225 0.12718 0.040163
1 0.883216 0.609822 0.0973716 0.0720416
1 0.921725 0.626292 0.0603542 0.104087
1 0.897435 0.596849 0.0970636 0.0342549
1 0.928483 0.625828 0.0494434 0.0917008
1 0.892098 0.637837 0.0993441 0.0346132
1 0.864927 0.624431 0.0626554 0.0931054
0 0.89557 0.616625 0.151245 0.0798605
1 0.891803 0.646883 0.135528 0.0403249
1 0.927503 0.617054 0.0413354 0.0719112
1 0.873279 0.601521 0.149442 0.0585682
1 0.868683 0.626303 0.0512826 0.0762644
1 0.864805 0.614047 0.112838 0.0845351
1 0.901913 0.631511 0.103954 0.0753989
0 0.907093 0.617776 0.0820462 0.0823251
0 0.901197 0.633318 0.152806 0.136049
1 0.896304 0.591108 0.110323 0.0398259
1 0.925625 0.627271 0.0870883 0.119195
1 0.913715 0.633889 0.0812483 0.0635393
1 0.936795 0.61734 0.0424231 0.0777877
