0 0.0660792 0.534308 0.0897505 0.0734856
1 0.0527316 0.536933 0.0389342 0.0668492
1 0.0830089 0.536677 0.0445593 0.0779475
1 0.0444565 0.536825 0.0376103 0.0693737
1 0.0687908 0.52402 0.0920636 0.0394278
0 0.0670022 0.53525 0.0730653 0.0499301
1 0.0925054 0.533894 0.041486 0.0760194
1 0.0911528 0.531022 0.0347684 0.0626717
1 0.0535477 0.528133 0.0422279 0.0507195
1 0.066199 0.517994 0.0859228 0.032709
1 0.0673149 0.542791 0.0894371 0.0527465
1 0.0603508 0.55224 0.100055 0.0372746
1 0.0948913 0.538457 0.0517552 0.0919646
1 0.0656691 0.550801 0.0786981 0.0314695
1 0.0828828 0.534114 0.0372631 0.0608759
1 0.0661105 0.511733 0.0947473 0.0344472
1 0.035251 0.53628 0.0367403 0.0715856
0 0.0853698 0.28684 0.153046 0.0854652
