0 0.87248 0.536606 0.170609 0.147543
0 0.884695 0.513534 0.191793 0.144542
1 0.839861 0.527821 0.0748388 0.116741
1 0.913095 0.532779 0.0932662 0.161653
0 0.873927 0.567206 0.209733 0.189589
1 0.821935 0.542526 0.0662467 0.120507
0 0.874216 0.564404 0.159632 0.149853
1 0.931548 0.518007 0.0835493 0.166444
1 0.894586 0.548956 0.120246 0.163047
1 0.858684 0.513454 0.0960409 0.113019
1 0.82145 0.537502 0.045132 0.0763586
2 0.868217 0.534385 0.154537 0.149176
1 0.854295 0.518818 0.112497 0.0688411
1 0.913258 0.563975 0.0917991 0.179276
1 0.862393 0.510825 0.0960837 0.0732421
1 0.830075 0.539024 0.0556201 0.0849509
1 0.869873 0.502211 0.0832243 0.0742921
1 0.844874 0.52541 0.0953919 0.0620454
1 0.931514 0.549046 0.0845276 0.175771
1 0.830017 0.527155 0.0540042 0.0590264
1 0.867643 0.51624 0.137042 0.0873105
1 0.860705 0.503918 0.0712426 0.0643734
1 0.825069 0.554309 0.0819518 0.150822
1 0.898946 0.549447 0.0987569 0.0790091
1 0.882341 0.561859 0.131671 0.0626855
1 0.881378 0.500695 0.109807 0.0855198
1 0.929174 0.502511 0.0676481 0.106195
1 0.813133 0.536216 0.0422799 0.0763557
1 0.879969 0.494357 0.0852328 0.0747662
0 0.877618 0.508695 0.141091 0.120692
1 0.821603 0.521695 0.0661677 0.11193
1 0.870077 0.496012 0.0685192 0.0664065
1 0.805747 0.549379 0.069619 0.136517
1 0.895058 0.579406 0.110762 0.178785
1 0.909707 0.534208 0.0858823 0.0822251
