0 0.195678 0.417084 0.101421 0.0885061
1 0.173106 0.42518 0.0552063 0.100123
1 0.175066 0.411828 0.0499223 0.0806977
0 0.195991 0.43275 0.105059 0.0907238
1 0.164627 0.431786 0.0540096 0.102881
1 0.165988 0.41785 0.0494976 0.0921296
0 0.191105 0.424728 0.137104 0.135477
1 0.165723 0.44545 0.0486786 0.0952901
1 0.214747 0.433823 0.0644597 0.113622
1 0.212153 0.447662 0.0573239 0.101026
1 0.221462 0.423336 0.0505567 0.0859959
1 0.208376 0.436592 0.0880168 0.158509
1 0.194759 0.435066 0.105532 0.0895218
