0 0.887175 0.395766 0.109905 0.0847391
0 0.891672 0.39844 0.150019 0.0892172
0 0.89078 0.401491 0.148482 0.126471
1 0.862039 0.393553 0.0437751 0.0753692
0 0.79009 0.652693 0.145479 0.100309
1 0.898171 0.384642 0.139192 0.0536399
1 0.782416 0.635559 0.141165 0.0537362
1 0.870224 0.39411 0.0463717 0.0704456
1 0.885835 0.377866 0.132434 0.0467286
1 0.78295 0.628543 0.123251 0.0441823
1 0.884797 0.376628 0.102549 0.0391296
1 0.742307 0.638461 0.0373738 0.0543144
1 0.75257 0.64285 0.05211 0.0619314
1 0.898065 0.418778 0.162779 0.0562058
1 0.764238 0.629037 0.14659 0.0503443
1 0.931184 0.403326 0.0818385 0.140821
1 0.902241 0.418291 0.132928 0.0448719
1 0.792974 0.670688 0.118958 0.0404552
1 0.752191 0.653659 0.0555492 0.0849273
1 0.908007 0.411225 0.111027 0.0449082
1 0.80956 0.662768 0.104358 0.0396905
0 0.770214 0.645828 0.109473 0.0791162
1 0.789982 0.669356 0.144459 0.0494983
1 0.900104 0.37205 0.137041 0.0470302
1 0.815533 0.653374 0.0802317 0.0730441
1 0.760192 0.627603 0.10982 0.0384189
1 0.914631 0.421479 0.0910172 0.169295
1 0.913544 0.378668 0.113539 0.0443702
0 0.849948 0.420707 0.215071 0.163142
1 0.852832 0.392004 0.0433298 0.0783207
1 0.882655 0.370537 0.100627 0.0343598
