0 0.233967 0.495599 0.141283 0.131671
1 0.202799 0.501256 0.0566303 0.100287
0 0.123219 0.488836 0.0930883 0.0782301
1 0.203072 0.48904 0.0512059 0.084109
0 0.228009 0.498079 0.128923 0.100699
1 0.194667 0.500221 0.0505068 0.0943898
1 0.274153 0.500692 0.0792478 0.139795
1 0.213564 0.487689 0.071042 0.0843852
0 0.180339 0.514893 0.237054 0.167594
1 0.256318 0.510049 0.0884795 0.134616
0 0.219595 0.517761 0.182229 0.141883
1 0.212932 0.479879 0.060948 0.0684245
1 0.262964 0.49498 0.0667485 0.116701
1 0.254378 0.491649 0.0809663 0.0945829
1 0.215684 0.470916 0.0613466 0.0509487
1 0.252045 0.513117 0.0959134 0.0784442
1 0.210797 0.501584 0.115157 0.121774
1 0.205373 0.48547 0.213732 0.0954803
1 0.271512 0.48809 0.0679836 0.108644
0 0.230195 0.483292 0.116944 0.0917525
1 0.275782 0.532511 0.080084 0.178112
1 0.216203 0.499373 0.0894615 0.0998886
1 0.197232 0.482672 0.0442573 0.0736342
1 0.184161 0.498183 0.0579385 0.101136
0 0.182292 0.50153 0.285744 0.218005
1 0.239859 0.509482 0.150341 0.065513
1 0.228555 0.468736 0.104685 0.0490257
1 0.206495 0.474593 0.0445927 0.0597503
1 0.222989 0.526425 0.149486 0.0448165
1 0.233068 0.462066 0.114691 0.0455322
1 0.231188 0.533096 0.161908 0.0545633
