0 0.133115 0.349021 0.12279 0.0871085
1 0.122019 0.33496 0.146256 0.0494601
0 0.0905272 0.633902 0.0984712 0.0796837
1 0.107389 0.333062 0.175811 0.0762835
0 0.123705 0.352406 0.143296 0.110948
1 0.127975 0.327379 0.160587 0.0560159
1 0.103377 0.320061 0.147894 0.0930472
0 0.130063 0.364437 0.167934 0.142414
1 0.131397 0.362978 0.142355 0.046242
0 0.160798 0.538697 0.161481 0.147578
0 0.13835 0.410267 0.187557 0.178671
1 0.13879 0.331911 0.120096 0.0484693
0 0.0756995 0.303027 0.125658 0.0852817
1 0.158252 0.346479 0.0560139 0.0895243
