0 0.930306 0.33456 0.139387 0.142562
0 0.925444 0.361028 0.149112 0.160096
1 0.963644 0.331545 0.0727116 0.164296
0 0.934533 0.318581 0.130791 0.107787
1 0.946739 0.36347 0.0828681 0.17972
1 0.964064 0.363873 0.0718726 0.200454
1 0.896064 0.329382 0.0632945 0.107751
1 0.880607 0.341809 0.0721004 0.148112
1 0.899213 0.340533 0.0791825 0.153917
1 0.904056 0.323762 0.0563474 0.0924388
1 0.913728 0.315589 0.0663762 0.0883765
1 0.962608 0.317415 0.0659907 0.104479
0 0.930388 0.384002 0.137417 0.160773
