0 0.0802501 0.334228 0.109245 0.0817424
1 0.098739 0.339856 0.0658482 0.0869116
1 0.107242 0.330486 0.0508323 0.0831554
1 0.086172 0.320775 0.110217 0.0421188
1 0.0623922 0.33173 0.0523076 0.0616115
1 0.0521252 0.339606 0.0485964 0.0762361
1 0.0783721 0.328225 0.0942982 0.052228
1 0.0866716 0.314837 0.102824 0.0364556
1 0.0792555 0.358884 0.113918 0.0496952
1 0.0686807 0.325443 0.0703026 0.0522914
0 0.0795257 0.335527 0.132276 0.111746
1 0.115464 0.351134 0.0870145 0.158519
1 0.0439974 0.339998 0.0441082 0.0769095
1 0.0734486 0.357342 0.102886 0.0370225
1 0.110458 0.348178 0.0660924 0.100992
1 0.116608 0.325338 0.0443623 0.0728958
1 0.0877239 0.308892 0.112857 0.0364281
1 0.0626642 0.341028 0.072831 0.08367
