0 0.814379 0.416284 0.23626 0.18262
0 0.846623 0.384207 0.198661 0.15749
0 0.88875 0.404623 0.13722 0.0959787
0 0.872905 0.396347 0.14845 0.128808
0 0.836679 0.371715 0.155291 0.123078
0 0.799213 0.439041 0.193494 0.15714
1 0.925904 0.406063 0.080928 0.148277
2 0.828411 0.406857 0.259823 0.276983
2 0.80725 0.401518 0.225502 0.194976
1 0.887527 0.384432 0.143308 0.0618455
1 0.907367 0.398594 0.0839845 0.121938
0 0.857303 0.380764 0.163922 0.132086
1 0.783492 0.370004 0.0879728 0.165023
1 0.918678 0.405278 0.0501137 0.0934193
1 0.876985 0.375675 0.16541 0.08237
0 0.84186 0.433062 0.255739 0.184448
