0 0.250387 0.433208 0.179176 0.146581
0 0.232793 0.457225 0.182231 0.144224
0 0.267407 0.455303 0.15802 0.149082
1 0.292299 0.45186 0.0830259 0.142233
0 0.257563 0.435474 0.130269 0.136086
0 0.0595221 0.355666 0.0936501 0.0762218
0 0.253113 0.472333 0.18719 0.149648
1 0.313455 0.472687 0.0789596 0.157134
0 0.239899 0.449028 0.262514 0.242363
0 0.251382 0.418242 0.178401 0.0982132
0 0.238207 0.404974 0.123371 0.0850441
1 0.290152 0.427977 0.089007 0.129704
0 0.27554 0.456974 0.1048 0.142897
1 0.295805 0.474434 0.0851363 0.138607
1 0.238733 0.385325 0.111897 0.0393952
2 0.229678 0.441361 0.278008 0.291471
0 0.223473 0.427229 0.197782 0.141113
