0 0.0783567 0.253658 0.10464 0.0924868
1 0.097794 0.256777 0.0500838 0.091538
1 0.0544495 0.251931 0.0465099 0.0831406
1 0.0762624 0.235141 0.105394 0.042567
1 0.0975396 0.251545 0.0426233 0.0731964
0 0.0793939 0.261673 0.104485 0.0630748
1 0.106142 0.251397 0.0403691 0.073331
1 0.0645425 0.251476 0.0648155 0.0752924
1 0.0472444 0.246402 0.0402535 0.0766901
1 0.0886203 0.256917 0.0729074 0.091999
0 0.0753139 0.240105 0.0955251 0.0559919
1 0.0786184 0.271151 0.0987713 0.0597277
1 0.112917 0.263205 0.084517 0.141101
1 0.0555154 0.240133 0.0437121 0.059973
1 0.0716827 0.228266 0.0946113 0.0365747
1 0.0701467 0.272055 0.108241 0.0469087
1 0.0954694 0.263342 0.0834614 0.137316
1 0.0704603 0.223122 0.108381 0.0364282
