1 0.246635 0.301308 0.160474 0.13777
1 0.266383 0.317005 0.160007 0.137488
1 0.246584 0.332628 0.160739 0.138173
1 0.266524 0.348386 0.160389 0.138256
1 0.246774 0.270086 0.160495 0.137521
1 0.227081 0.285695 0.160889 0.13808
1 0.226605 0.317063 0.160652 0.13822
1 0.266434 0.285699 0.159682 0.137189
1 0.246675 0.364121 0.160612 0.138961
1 0.226726 0.348494 0.160567 0.138945
1 0.286243 0.364083 0.160083 0.138351
1 0.286465 0.426397 0.160181 0.138651
1 0.286343 0.332648 0.159486 0.137332
1 0.226865 0.254597 0.160571 0.138302
1 0.266537 0.379835 0.160573 0.139151
1 0.306245 0.457801 0.160113 0.138693
1 0.206915 0.301498 0.160516 0.138941
1 0.20705 0.332897 0.160722 0.139159
1 0.266428 0.410904 0.160446 0.138844
1 0.207233 0.270399 0.161088 0.138893
1 0.286376 0.395446 0.159987 0.138996
1 0.246749 0.395396 0.160684 0.139025
1 0.187199 0.317207 0.160779 0.139221
1 0.246808 0.426822 0.160206 0.138993
1 0.306241 0.410999 0.159854 0.138379
1 0.266767 0.442237 0.160465 0.139076
1 0.18709 0.286086 0.160511 0.139115
1 0.226819 0.379893 0.160587 0.139444
1 0.246942 0.239052 0.15989 0.138066
1 0.226922 0.411078 0.160531 0.139359
1 0.306195 0.379973 0.159186 0.138678
1 0.206884 0.364308 0.160383 0.13974
1 0.22716 0.223538 0.160664 0.138805
1 0.166976 0.333038 0.160219 0.139487
1 0.326197 0.473521 0.159918 0.138939
1 0.326216 0.442245 0.159682 0.138025
1 0.2071 0.426735 0.160696 0.139254
1 0.207186 0.239139 0.160618 0.139332
1 0.127347 0.36426 0.16008 0.139741
1 0.186903 0.348616 0.160291 0.139504
1 0.187211 0.254736 0.160974 0.139245
1 0.187018 0.380034 0.160585 0.139951
1 0.167196 0.301916 0.160576 0.139579
1 0.2069 0.39554 0.160298 0.139807
1 0.12733 0.395517 0.160762 0.139797
1 0.167331 0.27034 0.160778 0.139139
1 0.14742 0.317418 0.160609 0.139466
1 0.247034 0.45802 0.160618 0.139613
1 0.147081 0.348732 0.160095 0.139402
1 0.226988 0.442545 0.160281 0.139805
1 0.107779 0.348596 0.160644 0.139438
1 0.147207 0.380006 0.160506 0.139776
1 0.167126 0.395844 0.160409 0.139969
1 0.286638 0.473694 0.160446 0.139795
1 0.127338 0.333015 0.160479 0.139377
1 0.186961 0.411288 0.160323 0.140182
1 0.166948 0.364523 0.160416 0.140133
1 0.147081 0.411477 0.160298 0.140404
1 0.266547 0.254884 0.15895 0.137947
1 0.107545 0.379891 0.16071 0.140022
1 0.147285 0.286188 0.160675 0.13965
1 0.286336 0.301637 0.158516 0.137878
1 0.346234 0.489187 0.160269 0.138522
1 0.207159 0.20818 0.160855 0.140168
1 0.127354 0.301874 0.160585 0.139857
1 0.167089 0.427046 0.160373 0.140461
1 0.226982 0.192552 0.16013 0.139507
1 0.187302 0.223817 0.160901 0.139841
1 0.147238 0.255154 0.160258 0.139951
1 0.127459 0.270655 0.160475 0.139971
1 0.3065 0.489493 0.160809 0.140504
1 0.306204 0.34861 0.158684 0.138127
1 0.20716 0.176807 0.160537 0.139857
1 0.187275 0.442872 0.160416 0.140624
1 0.167442 0.239566 0.160518 0.140188
1 0.326571 0.505006 0.161005 0.140502
1 0.107506 0.411417 0.160485 0.140502
1 0.107736 0.317468 0.160668 0.139976
1 0.127161 0.427104 0.160429 0.140514
1 0.346051 0.457941 0.158674 0.138528
1 0.207241 0.145803 0.160409 0.140083
1 0.246607 0.208184 0.159024 0.139028
1 0.187417 0.192721 0.16102 0.140691
1 0.346381 0.521159 0.16057 0.140418
1 0.107817 0.286349 0.160712 0.140643
1 0.207285 0.458109 0.160914 0.140782
1 0.187308 0.130147 0.160632 0.140578
1 0.10781 0.442831 0.160174 0.141095
1 0.187379 0.161345 0.161034 0.140592
1 0.227137 0.473728 0.161036 0.140811
1 0.266753 0.489984 0.160552 0.141564
1 0.127056 0.458819 0.159565 0.14147
1 0.147326 0.442789 0.160556 0.14103
1 0.167512 0.458549 0.160475 0.141455
1 0.227178 0.161426 0.159837 0.139384
1 0.326223 0.395682 0.15837 0.138768
1 0.366099 0.505239 0.159312 0.138906
1 0.167535 0.208253 0.160992 0.140759
1 0.107909 0.255081 0.160728 0.140557
1 0.127589 0.239638 0.160541 0.140489
1 0.207405 0.114258 0.159974 0.139529
1 0.107446 0.474089 0.160427 0.141186
1 0.0887867 0.3646 0.161635 0.140866
1 0.167576 0.145942 0.161326 0.14144
1 0.167356 0.114644 0.160637 0.140706
1 0.0887283 0.333386 0.161634 0.141121
1 0.366139 0.536639 0.159574 0.14048
1 0.147412 0.224176 0.160717 0.140893
1 0.16762 0.177361 0.160962 0.141934
1 0.147034 0.47448 0.159963 0.141761
1 0.147628 0.130347 0.160854 0.141302
1 0.286713 0.505635 0.160397 0.142825
1 0.107538 0.505694 0.159888 0.141788
1 0.127282 0.49021 0.160304 0.141858
1 0.187213 0.474343 0.160296 0.142246
1 0.0884827 0.396115 0.161195 0.141828
1 0.187606 0.0989172 0.160598 0.14017
1 0.107638 0.536943 0.160118 0.141862
1 0.107542 0.56845 0.159439 0.141922
1 0.147372 0.161894 0.160664 0.142327
1 0.0885939 0.427553 0.16139 0.142013
1 0.127356 0.521704 0.159694 0.142345
1 0.226843 0.130457 0.158953 0.139805
1 0.147737 0.193086 0.161403 0.141797
1 0.127797 0.114553 0.161059 0.141023
1 0.0889145 0.302282 0.161838 0.141739
1 0.16702 0.490317 0.160249 0.142125
1 0.14729 0.506192 0.159957 0.142799
1 0.0882879 0.458784 0.161111 0.141989
1 0.326829 0.537202 0.16133 0.143149
1 0.266843 0.224301 0.157848 0.139333
1 0.127595 0.208653 0.16066 0.141604
1 0.306723 0.521455 0.161183 0.142884
1 0.147704 0.0990808 0.161213 0.141251
1 0.127665 0.146177 0.160881 0.141958
1 0.247004 0.177187 0.158823 0.139538
1 0.207233 0.490573 0.160262 0.142782
1 0.346183 0.427388 0.1576 0.139506
1 0.0884007 0.49036 0.160395 0.142683
1 0.108108 0.224313 0.160787 0.141923
1 0.127136 0.552976 0.159764 0.142438
1 0.107618 0.724487 0.160532 0.141819
1 0.107804 0.599725 0.160282 0.142236
1 0.0888545 0.271198 0.161824 0.142078
1 0.286308 0.271263 0.156881 0.139354
1 0.346579 0.553186 0.160804 0.143882
1 0.366031 0.474252 0.157822 0.139463
1 0.107813 0.677627 0.16029 0.141861
1 0.127581 0.177679 0.160934 0.142715
1 0.108061 0.755775 0.160931 0.141912
1 0.306317 0.31823 0.156857 0.139495
1 0.0883609 0.584082 0.160873 0.142228
1 0.0886637 0.521786 0.160976 0.143136
1 0.0887296 0.552744 0.161307 0.142455
1 0.168072 0.0835395 0.161117 0.141261
1 0.127063 0.584426 0.158944 0.142935
1 0.108348 0.130485 0.161405 0.142288
1 0.127292 0.740645 0.160087 0.142559
1 0.247203 0.506136 0.160564 0.143773
1 0.366659 0.56873 0.160455 0.143439
1 0.147118 0.537667 0.159475 0.143204
1 0.108121 0.161983 0.161025 0.143175
1 0.127629 0.693514 0.16045 0.142336
1 0.326215 0.36532 0.156758 0.140113
1 0.088762 0.709202 0.161733 0.142703
1 0.186952 0.506287 0.15994 0.143596
1 0.0887774 0.662273 0.161211 0.142621
1 0.167283 0.522196 0.159636 0.143731
1 0.0885881 0.61579 0.16065 0.143571
1 0.0889918 0.740468 0.162241 0.14218
1 0.207716 0.0837233 0.159718 0.140358
1 0.0888226 0.771914 0.161158 0.142896
1 0.127764 0.771741 0.160228 0.143223
1 0.107849 0.631323 0.160062 0.143407
1 0.0892926 0.240159 0.162095 0.142309
1 0.385976 0.521531 0.157264 0.140424
1 0.108283 0.193275 0.161346 0.143075
1 0.147416 0.724801 0.160825 0.142791
1 0.107708 0.787619 0.160096 0.142964
1 0.128307 0.0839703 0.161063 0.142425
1 0.386019 0.553072 0.158929 0.1419
1 0.127914 0.615715 0.160445 0.143572
1 0.1084 0.099504 0.161442 0.142866
1 0.147535 0.756484 0.160119 0.143389
1 0.127321 0.662687 0.160093 0.143257
1 0.346761 0.584787 0.161283 0.145539
1 0.366136 0.600569 0.16054 0.144671
1 0.147306 0.569257 0.159481 0.144305
1 0.167585 0.709665 0.160806 0.143549
1 0.267088 0.522311 0.160958 0.144763
1 0.386288 0.584633 0.159647 0.143326
1 0.187976 0.0696699 0.160248 0.13934
1 0.167549 0.740932 0.160614 0.144029
1 0.147381 0.678323 0.159924 0.143145
1 0.227512 0.0998458 0.158204 0.140822
1 0.20708 0.522442 0.160398 0.145192
1 0.247143 0.146678 0.156861 0.140948
1 0.366759 0.631878 0.160876 0.144983
1 0.148069 0.0700478 0.160818 0.140096
1 0.326862 0.569529 0.161503 0.146061
1 0.306988 0.553744 0.161195 0.146017
1 0.187573 0.725275 0.160571 0.144051
1 0.147099 0.600839 0.159386 0.144749
1 0.286886 0.538237 0.161192 0.145645
1 0.386352 0.61613 0.160189 0.143654
1 0.0890611 0.209497 0.162048 0.144465
1 0.148085 0.631736 0.160451 0.144423
1 0.346828 0.616361 0.161916 0.145744
1 0.167185 0.553726 0.159788 0.145069
1 0.089391 0.146895 0.16201 0.144428
1 0.346813 0.647715 0.161346 0.146058
1 0.366717 0.663026 0.161246 0.144858
1 0.0894382 0.178147 0.162421 0.144862
1 0.207499 0.710017 0.160909 0.144345
1 0.18755 0.694199 0.160912 0.143664
1 0.187248 0.538537 0.159856 0.145901
1 0.0896535 0.11541 0.162802 0.144136
1 0.346602 0.679028 0.161449 0.145426
1 0.266527 0.194244 0.155929 0.142036
1 0.20741 0.741103 0.16109 0.145193
1 0.38661 0.647469 0.159769 0.144526
1 0.167516 0.66335 0.160209 0.144868
1 0.247077 0.710069 0.16052 0.144859
1 0.0760638 0.443991 0.152128 0.145977
1 0.286923 0.694809 0.160766 0.146731
1 0.326957 0.632502 0.161661 0.147209
1 0.0887685 0.804192 0.16084 0.146789
1 0.147242 0.788604 0.159622 0.146091
1 0.0761661 0.4752 0.152332 0.146217
1 0.227436 0.694372 0.160567 0.14466
1 0.167452 0.616564 0.159984 0.145081
1 0.327182 0.663331 0.161511 0.145941
1 0.326926 0.694435 0.161397 0.146286
1 0.326755 0.601122 0.161116 0.147082
1 0.247319 0.538366 0.160921 0.146595
1 0.366047 0.444454 0.155645 0.142326
1 0.167513 0.772624 0.160132 0.145715
1 0.0766243 0.350031 0.153249 0.145837
1 0.0765213 0.381149 0.153043 0.145806
1 0.386002 0.491267 0.156094 0.141641
1 0.0964572 0.751935 0.0900239 0.079273
1 0.0764355 0.79075 0.0889466 0.0786978
1 0.167523 0.585234 0.159803 0.145774
1 0.0759411 0.678336 0.151882 0.145484
1 0.286562 0.241625 0.155596 0.142474
1 0.0763438 0.775119 0.0885567 0.078457
1 0.307298 0.585725 0.161753 0.147643
1 0.187177 0.757017 0.160335 0.145638
1 0.0761879 0.318909 0.152376 0.14627
1 0.0964024 0.806418 0.0890365 0.079016
1 0.227389 0.725991 0.160583 0.146173
1 0.168215 0.0632366 0.160996 0.126473
1 0.0860316 0.798682 0.0882539 0.0784772
1 0.0862873 0.744224 0.0889291 0.0789828
1 0.307045 0.679072 0.161445 0.146344
1 0.127155 0.804064 0.159584 0.146272
1 0.0765355 0.41242 0.153071 0.145919
1 0.108762 0.070965 0.161213 0.14193
1 0.0760759 0.751836 0.0888773 0.0785231
1 0.0862028 0.783096 0.0884948 0.0784499
1 0.0761032 0.600525 0.152206 0.146344
1 0.386402 0.679434 0.159709 0.145713
1 0.0765385 0.806349 0.089319 0.0789451
1 0.306824 0.711016 0.160797 0.147282
1 0.0862869 0.767437 0.0891166 0.0786063
1 0.26714 0.726451 0.160777 0.147525
1 0.0962436 0.790908 0.0890544 0.0788436
1 0.0761243 0.506853 0.152249 0.14715
