0 0.829713 0.408843 0.10236 0.0892374
1 0.80789 0.408636 0.0423228 0.0846259
1 0.842255 0.433236 0.141712 0.0744034
1 0.842746 0.422768 0.116499 0.0692071
1 0.800771 0.407639 0.0404204 0.0853169
0 0.834292 0.410515 0.121948 0.11553
1 0.826186 0.392012 0.105445 0.0454848
1 0.809273 0.418798 0.0522135 0.0722801
0 0.828908 0.411056 0.0912594 0.0672734
1 0.854588 0.415485 0.0724533 0.0875296
1 0.801602 0.423229 0.044816 0.0860166
1 0.845439 0.437011 0.127016 0.097882
1 0.80835 0.398405 0.0486704 0.0704636
