0 0.850857 0.37903 0.14824 0.133073
0 0.849873 0.373582 0.136389 0.0977834
1 0.851301 0.35349 0.124661 0.0483485
0 0.874484 0.418599 0.213445 0.176407
1 0.824964 0.371055 0.0597756 0.0804464
1 0.844933 0.353238 0.0961763 0.0429588
1 0.82683 0.364081 0.0510641 0.0629338
1 0.850916 0.346695 0.112494 0.0410832
1 0.843252 0.361654 0.0927232 0.0572452
1 0.815334 0.378706 0.0563626 0.0941466
1 0.868622 0.39266 0.0994984 0.0618854
1 0.856915 0.40267 0.132552 0.0561595
1 0.800334 0.388826 0.0617819 0.124379
1 0.831323 0.355809 0.0569036 0.0473027
0 0.835703 0.386802 0.0978485 0.117571
0 0.849908 0.40918 0.178114 0.163685
1 0.818609 0.365464 0.045015 0.0634584
0 0.864259 0.368462 0.128519 0.0825323
0 0.858701 0.368492 0.182695 0.0815219
1 0.885203 0.378257 0.0711388 0.0804531
1 0.87497 0.397408 0.168226 0.16717
1 0.844145 0.346359 0.0887992 0.036255
1 0.808873 0.37334 0.0439628 0.0757244
1 0.887315 0.38826 0.120698 0.150019
1 0.807044 0.384747 0.0509352 0.099988
1 0.881672 0.389179 0.0820619 0.0745801
1 0.858057 0.410672 0.107889 0.0737125
2 0.837875 0.399832 0.167455 0.171621
1 0.864082 0.347802 0.124152 0.0480078
1 0.85186 0.353093 0.164095 0.0694017
1 0.851591 0.339613 0.0961652 0.0348273
1 0.844326 0.412734 0.130371 0.0586356
1 0.803519 0.396625 0.0766371 0.152623
1 0.817873 0.388286 0.0665255 0.123265
0 0.845495 0.366396 0.111208 0.073499
1 0.860386 0.391585 0.144252 0.0589027
1 0.820507 0.362982 0.106669 0.0928887
