0 0.135698 0.372986 0.271397 0.263648
0 0.103409 0.349704 0.179127 0.140866
0 0.103797 0.365551 0.198103 0.191998
0 0.188771 0.346989 0.150716 0.106374
1 0.192449 0.330399 0.131973 0.0487222
0 0.196104 0.35588 0.185524 0.103983
1 0.207802 0.364583 0.157486 0.0504391
1 0.183287 0.324326 0.137373 0.0463498
0 0.199112 0.344773 0.144684 0.0752009
0 0.123661 0.430446 0.247322 0.236573
0 0.16541 0.378071 0.229004 0.180806
0 0.140001 0.349358 0.230234 0.138942
0 0.0925146 0.352053 0.149174 0.0847764
1 0.212633 0.337306 0.132217 0.0538139
2 0.10553 0.343236 0.208085 0.201601
2 0.131408 0.362268 0.243119 0.185675
0 0.0900439 0.416728 0.170491 0.169758
1 0.173924 0.331254 0.146715 0.0638317
1 0.156975 0.349994 0.133029 0.0996891
