0 0.722929 0.381163 0.180667 0.138582
0 0.715182 0.384632 0.133713 0.124067
0 0.742775 0.391364 0.228336 0.176642
0 0.717443 0.374241 0.154934 0.0944269
0 0.768781 0.413267 0.294433 0.228889
0 0.707601 0.402033 0.176555 0.149273
1 0.672584 0.388967 0.0697077 0.113559
0 0.778182 0.412472 0.368558 0.339964
1 0.718591 0.353813 0.150159 0.0532363
1 0.757973 0.397111 0.223944 0.162986
1 0.67483 0.389103 0.0821699 0.148401
1 0.681972 0.372314 0.0523826 0.081816
1 0.688173 0.375041 0.0780343 0.0906525
0 0.738062 0.37077 0.237049 0.100451
1 0.730561 0.402371 0.163789 0.0548051
1 0.715951 0.346585 0.116892 0.0400951
1 0.711113 0.352696 0.105407 0.042126
1 0.654965 0.394358 0.0725634 0.135106
1 0.692931 0.364166 0.0580442 0.0640508
1 0.937963 0.248871 0.089177 0.149939
1 0.689706 0.361098 0.0870031 0.0863885
1 0.710455 0.361445 0.103701 0.0576153
0 0.908744 0.25086 0.169384 0.128549
1 0.727356 0.353454 0.191735 0.0736825
