0 0.268022 0.373203 0.136375 0.110317
1 0.259603 0.362196 0.167401 0.0675084
1 0.284299 0.400807 0.146473 0.0547239
1 0.23656 0.377541 0.0596279 0.0946388
1 0.289869 0.39206 0.119734 0.0626312
1 0.247987 0.378092 0.0735531 0.0837704
1 0.315788 0.386998 0.0823667 0.12205
0 0.275589 0.375145 0.125228 0.0835
0 0.232889 0.388037 0.196762 0.148459
1 0.312049 0.377341 0.0559319 0.106932
0 0.2748 0.380665 0.105067 0.110196
1 0.310371 0.375788 0.0465584 0.0817743
1 0.272334 0.40645 0.141941 0.0520749
1 0.299316 0.383131 0.085191 0.123799
0 0.262137 0.390337 0.18211 0.140435
1 0.30079 0.403739 0.0911125 0.161526
1 0.303451 0.376915 0.0604588 0.0956736
1 0.225805 0.374457 0.0760035 0.104751
1 0.275209 0.352037 0.127612 0.0716218
