0 0.902399 0.545061 0.112559 0.0875519
0 0.881081 0.552986 0.175836 0.121691
1 0.884794 0.575209 0.174521 0.0652694
1 0.886733 0.574233 0.151492 0.0525941
0 0.864005 0.558633 0.107512 0.0882533
1 0.893514 0.533138 0.129179 0.0520274
1 0.897611 0.526437 0.114828 0.0432798
1 0.868083 0.576473 0.117397 0.0402713
1 0.86744 0.541641 0.129486 0.0550394
1 0.845641 0.557327 0.0547634 0.0747259
1 0.880725 0.540318 0.144912 0.0662272
1 0.849463 0.552367 0.0705817 0.0649226
1 0.904467 0.579618 0.147939 0.0609136
1 0.93226 0.556582 0.0763038 0.100368
1 0.836297 0.557977 0.0534135 0.0755524
1 0.860337 0.549362 0.102141 0.0606949
1 0.918558 0.564206 0.103206 0.0761341
1 0.930956 0.546332 0.0569453 0.095345
1 0.92781 0.542015 0.0436144 0.0726515
1 0.901146 0.569147 0.153191 0.0639351
1 0.905184 0.519018 0.0864117 0.0305366
1 0.861892 0.569019 0.0986283 0.0432811
