0 0.799883 0.181083 0.086054 0.0751765
0 0.798351 0.182845 0.0733591 0.0464225
1 0.787504 0.181605 0.0362685 0.0603144
0 0.886387 0.606531 0.0908422 0.0693594
1 0.817802 0.180604 0.0407063 0.0651233
1 0.81839 0.178671 0.0485602 0.079202
0 0.752328 0.455564 0.0901377 0.0760369
1 0.802232 0.166871 0.0821238 0.0288041
1 0.77762 0.181687 0.0407543 0.0663722
1 0.790539 0.185481 0.0443061 0.0426282
1 0.800585 0.172937 0.0618532 0.0387307
0 0.801453 0.493057 0.203844 0.171896
1 0.776551 0.472249 0.0819062 0.111803
1 0.804966 0.177732 0.0616383 0.0693256
