0 0.888001 0.418742 0.184208 0.14637
0 0.86755 0.443637 0.200372 0.159194
0 0.857337 0.469328 0.1937 0.153994
1 0.932208 0.423064 0.0784284 0.163655
1 0.839206 0.419999 0.0767573 0.114856
0 0.910064 0.397811 0.134382 0.0882779
1 0.91386 0.434511 0.0905027 0.149411
1 0.820636 0.427394 0.0775999 0.128095
1 0.842522 0.420481 0.103219 0.155109
1 0.893495 0.384874 0.143274 0.0543274
1 0.903403 0.378474 0.133399 0.0466086
1 0.801673 0.447536 0.0689265 0.119842
0 0.89427 0.437005 0.135469 0.149616
1 0.914954 0.468568 0.0828916 0.176233
0 0.90333 0.401345 0.190234 0.089379
1 0.933058 0.455574 0.0782226 0.177369
1 0.929743 0.418327 0.0728519 0.101893
1 0.855594 0.405398 0.0856775 0.0880907
1 0.923913 0.420694 0.0994172 0.0731703
1 0.949847 0.413655 0.0806893 0.157913
1 0.896783 0.466506 0.102901 0.161569
2 0.849135 0.438001 0.185979 0.181397
1 0.878285 0.378322 0.132191 0.0461583
1 0.880341 0.384671 0.157197 0.0684066
1 0.911705 0.371903 0.124425 0.0417366
1 0.859742 0.419348 0.095134 0.123608
1 0.93855 0.409194 0.069636 0.10306
1 0.861007 0.388871 0.110142 0.077083
1 0.783982 0.461227 0.0664315 0.127097
0 0.906617 0.414066 0.112189 0.119018
1 0.843698 0.435355 0.136706 0.161671
1 0.911807 0.430145 0.13413 0.06381
1 0.91529 0.384164 0.118284 0.0527445
1 0.928312 0.412197 0.0892733 0.126626
1 0.849918 0.401677 0.0519851 0.091495
