0 0.172472 0.533443 0.151954 0.130682
0 0.183911 0.521686 0.111318 0.0889571
0 0.17523 0.533575 0.11737 0.11362
1 0.214827 0.536033 0.0793146 0.161205
1 0.20836 0.528035 0.0517982 0.097202
1 0.182615 0.508651 0.127936 0.0525445
0 0.140555 0.562991 0.187374 0.162297
1 0.20145 0.534592 0.0665535 0.105279
0 0.133168 0.589094 0.188051 0.196468
1 0.198076 0.55822 0.0847554 0.161897
1 0.16148 0.525019 0.07604 0.0857477
1 0.174535 0.517029 0.117594 0.0629061
1 0.187414 0.501937 0.115144 0.0499803
1 0.216318 0.524517 0.044825 0.0829681
1 0.164435 0.536849 0.0899648 0.0969155
