1 0.059074 0.306878 0.118148 0.0461399
1 0.0537897 0.298788 0.0935171 0.036392
1 0.0863197 0.28573 0.03609 0.0720615
1 0.0772053 0.283164 0.0494572 0.0942149
1 0.0585286 0.258168 0.117057 0.0428227
1 0.075838 0.289888 0.0400318 0.0470732
1 0.0858066 0.289851 0.0334986 0.0528188
1 0.023926 0.282023 0.0478519 0.0892265
0 0.0497533 0.271045 0.0937708 0.0754107
1 0.0698849 0.298087 0.0608228 0.0356482
0 0.0524761 0.284925 0.104952 0.0832612
1 0.084582 0.282829 0.0445286 0.10552
1 0.0653273 0.275191 0.0495544 0.0851059
1 0.0523806 0.252724 0.0996145 0.0365593
1 0.0597835 0.314757 0.119567 0.0552379
1 0.0610234 0.265606 0.0706874 0.0690812
1 0.0668656 0.283671 0.0559148 0.109924
1 0.0719993 0.267722 0.0501396 0.0709536
1 0.0321365 0.284423 0.064273 0.100909
