0 0.0824341 0.521687 0.11738 0.090952
0 0.0954513 0.525095 0.153123 0.10187
1 0.0627426 0.519068 0.0541001 0.077835
1 0.0552856 0.519809 0.0439691 0.0845406
1 0.110123 0.525142 0.0659752 0.0845777
1 0.0819551 0.501873 0.115296 0.0434754
1 0.0938066 0.541203 0.115567 0.0425522
0 0.0826761 0.51455 0.107555 0.0673317
1 0.119498 0.522538 0.0564267 0.0946438
1 0.107658 0.542213 0.123376 0.0587721
1 0.108782 0.521857 0.048425 0.0744876
1 0.0788718 0.494821 0.0989026 0.0362203
1 0.0841452 0.54696 0.119954 0.0418074
1 0.0817051 0.508507 0.0986073 0.0511283
1 0.0723353 0.502822 0.0751408 0.0462152
1 0.110865 0.514555 0.0589812 0.0646483
