1 0.744512 0.346543 0.16104 0.133306
1 0.764117 0.299725 0.16083 0.133059
1 0.744256 0.377992 0.160589 0.13365
1 0.763697 0.362335 0.160245 0.133762
1 0.764166 0.33115 0.161002 0.133428
1 0.744855 0.315477 0.161589 0.133417
1 0.74427 0.409095 0.161131 0.133476
1 0.725013 0.39359 0.161857 0.133473
1 0.763665 0.393774 0.160422 0.133936
1 0.724692 0.425008 0.161138 0.134103
1 0.764329 0.268673 0.160897 0.133733
1 0.725185 0.362418 0.161951 0.134022
1 0.745359 0.284291 0.161981 0.133637
1 0.724543 0.472058 0.161015 0.134686
1 0.783423 0.315731 0.160023 0.134243
1 0.74402 0.456412 0.160422 0.134613
1 0.763794 0.424979 0.160728 0.134496
1 0.783855 0.284511 0.160612 0.133901
1 0.783566 0.347064 0.160209 0.134605
1 0.783505 0.40972 0.160002 0.134814
1 0.724156 0.503411 0.160804 0.134832
1 0.783474 0.378224 0.160484 0.134573
1 0.725814 0.331161 0.162908 0.134088
1 0.764534 0.237502 0.161208 0.134225
1 0.7837 0.253171 0.160061 0.134274
1 0.783588 0.440749 0.160552 0.134935
1 0.743992 0.487726 0.160596 0.135086
1 0.76352 0.472432 0.159763 0.135617
1 0.705323 0.487936 0.161421 0.135517
1 0.745186 0.253273 0.161791 0.134809
1 0.764487 0.206471 0.161175 0.134807
1 0.783949 0.222099 0.160532 0.134751
1 0.743788 0.519298 0.160246 0.135726
1 0.724088 0.535014 0.160627 0.136157
1 0.7057 0.441036 0.162421 0.135058
1 0.705944 0.409768 0.162192 0.135357
1 0.803295 0.362978 0.160119 0.135457
1 0.803333 0.300611 0.160154 0.13534
1 0.803227 0.331811 0.159923 0.135546
1 0.764516 0.175413 0.160724 0.135226
1 0.803489 0.269256 0.159947 0.135122
1 0.803441 0.456845 0.160282 0.136061
1 0.803194 0.425528 0.160209 0.135786
1 0.803221 0.39469 0.159851 0.135994
1 0.763257 0.503731 0.160036 0.136315
1 0.704934 0.519333 0.161736 0.136027
1 0.78391 0.19095 0.160497 0.13533
1 0.743675 0.566633 0.159973 0.136839
1 0.783255 0.488026 0.159944 0.136157
1 0.726396 0.300162 0.163108 0.134985
1 0.803672 0.238052 0.16002 0.135476
1 0.783824 0.64474 0.160603 0.136528
1 0.763306 0.550934 0.160183 0.136836
1 0.745795 0.222208 0.162397 0.135489
1 0.706202 0.378518 0.162937 0.135737
1 0.724403 0.582583 0.160277 0.137886
1 0.764285 0.629241 0.161108 0.136723
1 0.74407 0.61358 0.160439 0.13788
1 0.783374 0.519533 0.160471 0.137162
1 0.823195 0.378916 0.160015 0.136122
1 0.763698 0.598082 0.160168 0.137644
1 0.764543 0.144493 0.161043 0.135961
1 0.783606 0.613444 0.160433 0.136891
1 0.82309 0.347682 0.159593 0.136335
1 0.783714 0.160297 0.160067 0.136057
1 0.74568 0.191281 0.162374 0.136063
1 0.803539 0.207115 0.159994 0.136177
1 0.803475 0.629386 0.160781 0.137171
1 0.823198 0.64474 0.159872 0.137036
1 0.705046 0.551034 0.161423 0.137028
1 0.803298 0.504011 0.160751 0.13733
1 0.823087 0.316742 0.159592 0.137014
1 0.822966 0.285316 0.159373 0.136643
1 0.803454 0.660502 0.159981 0.137619
1 0.783437 0.56684 0.160114 0.137718
1 0.823032 0.410525 0.159454 0.137505
1 0.823362 0.254072 0.159987 0.136501
1 0.803443 0.551122 0.160062 0.137815
1 0.82325 0.441734 0.159818 0.136719
1 0.72707 0.269347 0.163865 0.136469
1 0.84315 0.3633 0.160155 0.13696
1 0.822909 0.473032 0.159556 0.137832
1 0.746057 0.160128 0.162971 0.136692
1 0.803491 0.176014 0.159672 0.137023
1 0.764341 0.661061 0.16097 0.139449
1 0.784035 0.129098 0.160461 0.136868
1 0.823291 0.222911 0.159692 0.136638
1 0.803269 0.598071 0.160031 0.138196
1 0.843181 0.395254 0.159639 0.138326
1 0.707171 0.34768 0.164111 0.13683
1 0.84344 0.629395 0.160589 0.137914
1 0.8232 0.535681 0.160556 0.137934
1 0.823368 0.613996 0.160608 0.138217
1 0.843023 0.660654 0.160151 0.138211
1 0.86299 0.379613 0.160179 0.1385
1 0.823287 0.582658 0.160231 0.138779
1 0.783407 0.676966 0.160238 0.140177
1 0.843112 0.332576 0.159461 0.137913
1 0.863072 0.645418 0.160057 0.138459
1 0.8032 0.145178 0.159693 0.137693
1 0.843012 0.27013 0.15974 0.137948
1 0.842591 0.426091 0.159669 0.137563
1 0.744936 0.645568 0.162027 0.139675
1 0.686298 0.504618 0.162958 0.138685
1 0.686732 0.472875 0.163248 0.13787
1 0.863255 0.707957 0.160275 0.13882
1 0.764815 0.11385 0.161311 0.137679
1 0.823126 0.676583 0.160038 0.139102
1 0.843078 0.301453 0.159703 0.138396
1 0.843103 0.692159 0.160486 0.139201
1 0.863248 0.676424 0.160176 0.139041
1 0.843251 0.55175 0.160303 0.13938
1 0.843091 0.598468 0.159853 0.139264
1 0.883273 0.723517 0.160371 0.138596
1 0.883453 0.661141 0.160401 0.139373
1 0.823163 0.192157 0.159524 0.13803
1 0.862879 0.614233 0.159424 0.139343
1 0.842914 0.520213 0.159921 0.138686
1 0.746008 0.129537 0.162525 0.138464
1 0.843021 0.238936 0.159379 0.138302
1 0.843614 0.723741 0.160541 0.139474
1 0.842967 0.457987 0.159492 0.139183
1 0.783999 0.0983919 0.160333 0.138243
1 0.803592 0.692485 0.16073 0.140162
1 0.883082 0.692289 0.160366 0.138994
1 0.82365 0.708244 0.1609 0.139828
1 0.862775 0.348511 0.159753 0.13884
1 0.803667 0.114075 0.160089 0.138402
1 0.842833 0.489219 0.159359 0.139482
1 0.727417 0.238697 0.164226 0.138493
1 0.882776 0.395626 0.159313 0.140324
1 0.903144 0.708232 0.160304 0.139561
1 0.863652 0.739561 0.160172 0.140159
1 0.882459 0.630176 0.159313 0.1396
1 0.823456 0.161126 0.159534 0.139114
1 0.862761 0.411187 0.159666 0.140053
1 0.686977 0.535996 0.16361 0.13997
1 0.882766 0.36451 0.159756 0.139357
1 0.903323 0.739669 0.159653 0.140137
1 0.862935 0.2863 0.159547 0.139715
1 0.862854 0.254935 0.159369 0.139527
1 0.863005 0.583221 0.15982 0.140028
1 0.687851 0.426291 0.164547 0.138608
1 0.823519 0.129988 0.160045 0.139272
1 0.902879 0.677018 0.159727 0.140115
1 0.764617 0.0831978 0.160553 0.139321
1 0.705067 0.599179 0.16153 0.141797
1 0.862936 0.317554 0.159424 0.139777
1 0.862314 0.536888 0.159017 0.140468
1 0.862579 0.442568 0.159741 0.13995
1 0.843162 0.208135 0.159481 0.139214
1 0.725613 0.630333 0.162519 0.141471
1 0.902812 0.646275 0.159728 0.140898
1 0.707895 0.316824 0.164616 0.138666
1 0.921537 0.723969 0.156926 0.139648
1 0.862965 0.473939 0.159527 0.140443
1 0.745924 0.0988185 0.162266 0.140043
1 0.843294 0.177293 0.159732 0.140533
1 0.921523 0.692855 0.156955 0.140206
1 0.862941 0.505233 0.160259 0.140346
1 0.688022 0.395199 0.164959 0.139745
1 0.686291 0.567575 0.162634 0.140302
1 0.882653 0.599292 0.15923 0.141006
1 0.823568 0.0991618 0.159981 0.140185
1 0.882762 0.427564 0.159959 0.1417
1 0.84316 0.146122 0.159645 0.140657
1 0.80382 0.0834589 0.159968 0.140144
1 0.863195 0.223994 0.159787 0.140196
1 0.921678 0.662132 0.156644 0.140949
1 0.882853 0.271185 0.159371 0.141166
1 0.902667 0.38072 0.159128 0.140805
1 0.727791 0.207752 0.164702 0.139851
1 0.882962 0.568131 0.159543 0.141539
1 0.843244 0.114803 0.159996 0.140695
1 0.882899 0.333559 0.159604 0.140991
1 0.902689 0.614779 0.15949 0.141045
1 0.882781 0.302656 0.159622 0.141724
1 0.804203 0.724939 0.160916 0.143301
1 0.8835 0.756026 0.160097 0.142656
1 0.78429 0.0690172 0.160157 0.138034
1 0.882738 0.239951 0.159473 0.141379
1 0.902449 0.412202 0.158992 0.142629
1 0.882716 0.490247 0.15974 0.142172
1 0.882547 0.4588 0.159412 0.142061
1 0.882961 0.52157 0.15984 0.141502
1 0.727612 0.176723 0.165032 0.140509
1 0.863252 0.193113 0.159655 0.141615
1 0.731822 0.337699 0.0853836 0.0781577
1 0.863095 0.130577 0.160047 0.141491
1 0.921604 0.630905 0.156792 0.141479
1 0.784669 0.709388 0.161793 0.144335
1 0.751909 0.29869 0.085648 0.0781189
1 0.741743 0.329971 0.0854134 0.0779583
1 0.921637 0.756191 0.156727 0.142465
1 0.90283 0.584207 0.159641 0.142097
1 0.771757 0.283091 0.0859403 0.0784367
1 0.931726 0.740348 0.136549 0.141314
1 0.931698 0.709157 0.136604 0.141111
1 0.863001 0.162078 0.159735 0.142062
1 0.741787 0.345539 0.0854266 0.0781823
1 0.823907 0.740955 0.160538 0.144098
1 0.741751 0.314342 0.085821 0.0778957
1 0.731979 0.353362 0.0860465 0.0784478
1 0.863239 0.099714 0.159953 0.142491
1 0.883115 0.115438 0.160354 0.142743
1 0.71192 0.40811 0.0856009 0.0779699
1 0.75167 0.283031 0.0856636 0.0780294
1 0.731881 0.400345 0.0861088 0.0782742
1 0.731728 0.322123 0.0854224 0.0774332
1 0.762068 0.290888 0.0859429 0.0783771
1 0.731812 0.298689 0.0853657 0.077745
1 0.761703 0.306563 0.0866516 0.0781406
1 0.72203 0.392507 0.0858122 0.0783024
1 0.721976 0.34568 0.0856815 0.0780131
1 0.721865 0.329882 0.0855952 0.0777818
1 0.902664 0.34944 0.159286 0.141344
1 0.751695 0.322238 0.0855063 0.0780075
1 0.764634 0.0621227 0.160611 0.124245
1 0.745752 0.0695587 0.162119 0.139117
1 0.731761 0.283052 0.0859033 0.0776984
1 0.741786 0.290918 0.0856272 0.0777952
1 0.771757 0.298754 0.0866925 0.0783754
1 0.75209 0.416124 0.0873329 0.0795076
1 0.765149 0.693977 0.162025 0.14529
1 0.902741 0.553074 0.159485 0.142762
1 0.843405 0.0840346 0.159839 0.141863
1 0.751689 0.337841 0.0857644 0.078088
1 0.902633 0.256169 0.15939 0.142464
1 0.883007 0.209142 0.159719 0.142682
1 0.73214 0.486239 0.0875556 0.0791667
1 0.931833 0.67784 0.136334 0.141555
1 0.741991 0.408174 0.0868794 0.0787832
1 0.741862 0.361313 0.0865753 0.0785124
1 0.883061 0.146928 0.160106 0.143169
1 0.732102 0.416022 0.0872028 0.0785805
1 0.752041 0.353482 0.0865534 0.0784397
1 0.751996 0.40036 0.086772 0.0789318
1 0.731946 0.384709 0.086486 0.0781813
1 0.902721 0.287371 0.159493 0.142843
1 0.76178 0.330013 0.0865625 0.0782301
1 0.751722 0.18149 0.0859958 0.0786091
1 0.732112 0.470707 0.0865567 0.0786414
1 0.781812 0.275446 0.0863749 0.0788691
1 0.711769 0.384598 0.0856671 0.0776942
1 0.761954 0.408209 0.0866423 0.0793188
1 0.90276 0.443829 0.159764 0.143009
1 0.721759 0.314356 0.0858183 0.0774385
1 0.731935 0.369168 0.0866671 0.0782647
1 0.902887 0.318748 0.159561 0.143097
1 0.761792 0.275361 0.0859081 0.078249
1 0.77185 0.314404 0.0861835 0.0784241
1 0.708648 0.285982 0.166807 0.141219
1 0.722087 0.462809 0.0861956 0.0784442
1 0.688744 0.364383 0.166364 0.141616
1 0.722045 0.361309 0.0863242 0.0783435
1 0.771916 0.267471 0.0866849 0.0783396
1 0.902851 0.50642 0.159617 0.143085
1 0.752116 0.369053 0.0871265 0.0787925
1 0.742125 0.392571 0.0867142 0.0787271
1 0.823867 0.069842 0.160023 0.139684
1 0.712048 0.337775 0.0863194 0.077891
1 0.741832 0.173702 0.085973 0.0781549
1 0.761949 0.345647 0.0868721 0.0782772
1 0.721981 0.290822 0.0863143 0.0776638
1 0.701899 0.400315 0.0856856 0.077459
1 0.721672 0.275228 0.0859606 0.0773872
1 0.711935 0.368988 0.0863944 0.0782427
1 0.721824 0.376963 0.0865765 0.0779343
1 0.75172 0.165998 0.0857358 0.0779675
1 0.752056 0.384721 0.08707 0.0791332
1 0.741709 0.275284 0.0855784 0.0777985
1 0.741702 0.189422 0.0863172 0.0778019
1 0.921747 0.600343 0.156506 0.143565
1 0.882922 0.177971 0.159909 0.143138
1 0.903011 0.22506 0.159844 0.142964
1 0.742139 0.376954 0.0869605 0.0788282
1 0.722282 0.478635 0.0870194 0.0785308
1 0.902834 0.47524 0.159806 0.14353
1 0.731869 0.454956 0.0864326 0.0782476
1 0.732374 0.501953 0.0878122 0.0794713
1 0.712251 0.509692 0.0868718 0.0787713
1 0.712237 0.353368 0.086527 0.0781499
1 0.702101 0.415967 0.0863877 0.0779104
1 0.792072 0.455305 0.0884743 0.080171
1 0.791999 0.283214 0.0873539 0.0790157
1 0.752123 0.47864 0.0877111 0.0799043
1 0.902852 0.131613 0.15979 0.143829
1 0.712214 0.494134 0.086656 0.0785085
1 0.76213 0.361421 0.0875948 0.0786901
1 0.782102 0.291075 0.0874299 0.0790927
1 0.762138 0.392664 0.08754 0.0790874
1 0.732312 0.431523 0.0871933 0.0785843
1 0.722238 0.44722 0.0869717 0.0783423
1 0.762075 0.423952 0.0875729 0.0795423
1 0.691841 0.408094 0.0856062 0.0772146
1 0.88345 0.0845584 0.160347 0.143553
1 0.722056 0.423819 0.0869219 0.0782364
1 0.728454 0.145857 0.166436 0.14227
1 0.702458 0.517458 0.0872582 0.0786982
1 0.741784 0.158076 0.0862605 0.0781202
