0 0.635993 0.400165 0.121036 0.107467
1 0.601823 0.408866 0.0452162 0.0991676
1 0.609986 0.415675 0.0560257 0.10526
1 0.625059 0.385324 0.123892 0.0445109
1 0.601959 0.39607 0.0424323 0.0727384
1 0.657468 0.418424 0.061729 0.114746
9 0.620902 0.408882 0.104636 0.119771
1 0.595126 0.397706 0.0398236 0.0858113
0 0.631259 0.420336 0.12562 0.0975273
1 0.645613 0.420039 0.0818354 0.0932741
1 0.667729 0.415967 0.0972897 0.152961
0 0.634598 0.396731 0.122806 0.0730076
1 0.664083 0.419543 0.049513 0.0948384
1 0.593367 0.413082 0.0474011 0.101043
1 0.618614 0.378457 0.110247 0.0392148
1 0.613892 0.418118 0.0557113 0.0678697
1 0.638769 0.431357 0.0978938 0.0769713
1 0.653192 0.409312 0.0843672 0.121855
1 0.612284 0.395062 0.0580831 0.0637124
1 0.631856 0.437499 0.115663 0.0410255
1 0.647828 0.405917 0.0692011 0.0958765
1 0.663844 0.406283 0.045572 0.0771295
1 0.632348 0.392377 0.122375 0.0564233
0 0.617951 0.41709 0.083246 0.108479
1 0.63152 0.428836 0.0978915 0.0404065
1 0.594862 0.389063 0.0334448 0.0636759
1 0.619832 0.385124 0.081936 0.0448056
1 0.671558 0.435498 0.110032 0.144732
1 0.655353 0.427068 0.0922607 0.136951
1 0.586534 0.414522 0.0639573 0.130058
1 0.630496 0.435259 0.0901853 0.0345654
1 0.634953 0.380094 0.122363 0.046598
1 0.594319 0.42156 0.0416272 0.0800681
1 0.656106 0.403454 0.0559798 0.0767204
1 0.658988 0.407635 0.130138 0.138422
