0 0.687731 0.573236 0.183037 0.147092
0 0.670468 0.594326 0.169645 0.147324
0 0.675809 0.583591 0.119852 0.098447
0 0.682307 0.600725 0.234456 0.20082
1 0.658631 0.573905 0.0706552 0.0757745
1 0.714229 0.596547 0.114669 0.186059
1 0.698252 0.596893 0.0899019 0.0759508
1 0.659699 0.572443 0.0841516 0.126148
1 0.685938 0.6059 0.0811898 0.0789545
1 0.641894 0.579123 0.0701542 0.121985
1 0.682574 0.60657 0.121673 0.0645154
1 0.624996 0.595898 0.0703043 0.147133
1 0.669936 0.566034 0.0769571 0.081671
1 0.648351 0.580769 0.0676823 0.0846591
1 0.704249 0.588961 0.124735 0.064657
1 0.732897 0.581064 0.114033 0.178817
