0 0.148798 0.367664 0.157238 0.134449
1 0.176748 0.370627 0.0840246 0.1456
1 0.194318 0.368896 0.0816822 0.146991
0 0.151804 0.369375 0.124649 0.112047
0 0.155768 0.353447 0.17729 0.0851724
1 0.178909 0.404796 0.0858195 0.173911
1 0.104391 0.364127 0.0630668 0.111621
0 0.123861 0.377145 0.163909 0.14926
1 0.108666 0.369778 0.0797957 0.150379
1 0.090917 0.369151 0.0792627 0.155651
1 0.188866 0.36774 0.0540518 0.0966451
1 0.18198 0.377123 0.0661004 0.105587
1 0.13793 0.338132 0.147339 0.0558167
1 0.14152 0.338001 0.179898 0.071123
1 0.088293 0.362166 0.0616783 0.122854
