0 0.872029 0.451093 0.190576 0.147866
0 0.841125 0.61839 0.066762 0.0563025
0 0.866426 0.477172 0.179955 0.162109
0 0.860454 0.450131 0.129382 0.119423
0 0.841567 0.624101 0.086808 0.0674758
0 0.926113 0.427424 0.111645 0.081113
1 0.820784 0.453957 0.0655219 0.112816
1 0.822868 0.455473 0.0730764 0.144769
1 0.829274 0.441525 0.0524012 0.0862023
1 0.820622 0.447573 0.0488845 0.0891983
1 0.824951 0.622563 0.0330371 0.0643451
1 0.836153 0.438197 0.0813287 0.0915065
1 0.830398 0.43381 0.045773 0.069006
1 0.831365 0.623303 0.0321482 0.0497419
1 0.839352 0.612583 0.0848202 0.0321815
1 0.86143 0.61879 0.0457848 0.073241
0 0.84093 0.621145 0.0557741 0.0457614
0 0.873198 0.493051 0.228535 0.205441
1 0.804419 0.458919 0.0681336 0.133082
1 0.834598 0.623396 0.0351717 0.0386415
1 0.83972 0.433512 0.0655684 0.0771041
1 0.840439 0.424421 0.0545943 0.054467
1 0.86093 0.415248 0.113706 0.0442003
1 0.838816 0.605239 0.0732711 0.0237999
1 0.841255 0.614323 0.121613 0.0435383
1 0.89602 0.487565 0.136134 0.170681
1 0.898803 0.469275 0.175531 0.155641
0 0.898027 0.444992 0.203828 0.130048
0 0.861439 0.522569 0.192628 0.207765
1 0.87167 0.417003 0.205051 0.0738579
1 0.822662 0.434929 0.0411685 0.0669313
1 0.915875 0.468579 0.115046 0.163422
1 0.854322 0.423274 0.107959 0.0538138
1 0.839651 0.611653 0.0694761 0.0262974
1 0.898786 0.443855 0.123228 0.104485
1 0.837297 0.606401 0.0982507 0.0346914
1 0.843738 0.416984 0.0520742 0.040674
1 0.810948 0.453949 0.0483864 0.0874193
1 0.869861 0.416523 0.140989 0.0541
1 0.922004 0.409541 0.122328 0.0447458
1 0.834713 0.612281 0.0451143 0.0315672
1 0.879051 0.449744 0.161536 0.0810545
2 0.84251 0.462251 0.16448 0.164065
