0 0.857275 0.444648 0.148109 0.143363
0 0.868034 0.427742 0.109597 0.0873215
0 0.9224 0.51239 0.11415 0.075957
1 0.892372 0.457301 0.0970786 0.193304
1 0.885087 0.439404 0.0580548 0.0909218
1 0.893288 0.43274 0.0482886 0.0876673
1 0.867991 0.460846 0.0993205 0.0589353
1 0.838683 0.4391 0.0562774 0.0993169
1 0.822596 0.445043 0.0711575 0.135137
0 0.847774 0.49919 0.253086 0.206154
1 0.829047 0.445899 0.0556679 0.102825
1 0.804094 0.453517 0.0779667 0.152273
1 0.858547 0.47124 0.120799 0.0550187
1 0.840475 0.427191 0.0477482 0.0747739
1 0.849313 0.425063 0.0617883 0.0696545
1 0.867601 0.40851 0.119342 0.0445919
1 0.861377 0.477781 0.101612 0.0724499
1 0.921764 0.49549 0.126637 0.0438508
1 0.919987 0.494391 0.104937 0.0368733
0 0.847734 0.470361 0.189546 0.15776
1 0.831044 0.433807 0.0484799 0.0865011
1 0.82405 0.449986 0.0866821 0.158523
1 0.865424 0.414346 0.106293 0.0470041
1 0.910522 0.44369 0.0917338 0.18734
1 0.88993 0.430915 0.0904563 0.148556
1 0.85357 0.416725 0.0701685 0.0536303
1 0.892245 0.510032 0.0383289 0.069458
1 0.900038 0.509348 0.0464595 0.0734807
