0 0.87453 0.431023 0.0886748 0.0764171
1 0.892904 0.433486 0.049803 0.0834867
1 0.9012 0.429646 0.0420864 0.0774634
1 0.879558 0.41568 0.0891331 0.0351785
1 0.860711 0.430743 0.0472804 0.0736411
0 0.856465 0.106832 0.0825361 0.0643987
1 0.878719 0.409344 0.088042 0.0322806
1 0.903399 0.438816 0.0503038 0.0895232
1 0.875182 0.423466 0.0666932 0.0505134
1 0.852102 0.431068 0.0435672 0.0739161
0 0.872897 0.440119 0.114285 0.0947824
1 0.8668 0.41956 0.0664415 0.0528196
0 0.868793 0.443549 0.146677 0.129636
1 0.877246 0.410182 0.109725 0.0428107
