0 0.753475 0.452841 0.194892 0.146898
0 0.770308 0.477758 0.214359 0.171974
0 0.775698 0.486698 0.267845 0.212776
0 0.73784 0.466963 0.160457 0.147363
0 0.769339 0.510872 0.224849 0.196238
1 0.701471 0.454229 0.0657626 0.112332
0 0.739414 0.443387 0.119657 0.0971888
1 0.709173 0.445967 0.0605293 0.0981664
1 0.719542 0.440246 0.0685405 0.0847263
1 0.72008 0.432906 0.0551228 0.0698769
1 0.744742 0.416758 0.126879 0.0467986
1 0.686922 0.464731 0.0764764 0.150464
0 0.830418 0.634639 0.0654535 0.0564602
