0 0.943888 0.301782 0.111172 0.0950908
1 0.920715 0.299121 0.0425182 0.0745352
1 0.913223 0.297416 0.0380823 0.0716494
1 0.940836 0.282869 0.116982 0.0470703
0 0.941948 0.296259 0.100154 0.0725313
1 0.94211 0.276053 0.108764 0.0424947
1 0.93722 0.282203 0.0811546 0.0391697
1 0.913489 0.306934 0.0477688 0.0887414
1 0.966425 0.307059 0.0605991 0.10248
1 0.930913 0.290494 0.0613646 0.0544683
0 0.937409 0.305053 0.125182 0.119404
1 0.922205 0.286369 0.0431781 0.0496912
1 0.937795 0.276099 0.0878679 0.0359021
1 0.923515 0.310209 0.0490566 0.0753753
1 0.946271 0.323594 0.107459 0.0651297
