0 0.871295 0.243731 0.172829 0.154839
0 0.85627 0.258205 0.143455 0.150692
0 0.923011 0.543346 0.0917963 0.0776066
1 0.836666 0.243949 0.0733098 0.117725
1 0.818629 0.261414 0.0660372 0.119192
0 0.849467 0.281131 0.1633 0.152637
1 0.892051 0.265699 0.119912 0.161743
0 0.892216 0.221696 0.170848 0.141637
1 0.911094 0.253869 0.127439 0.179298
0 0.872792 0.256387 0.217799 0.191119
1 0.872176 0.298784 0.114442 0.202643
0 0.875212 0.280799 0.249576 0.237851
1 0.854864 0.228329 0.0832747 0.116591
1 0.928546 0.238646 0.101533 0.182666
2 0.863268 0.253538 0.168134 0.163226
1 0.946371 0.214825 0.0841077 0.147636
1 0.801453 0.275615 0.0636047 0.127877
0 0.909097 0.216316 0.179631 0.108763
