0 0.112302 0.479624 0.0902452 0.0765061
1 0.13259 0.485576 0.0446339 0.084759
1 0.100231 0.484985 0.0506322 0.0850058
1 0.0920484 0.476155 0.0472218 0.0864045
0 0.108321 0.493168 0.107469 0.113585
1 0.0989792 0.491127 0.0617836 0.105918
1 0.135131 0.500834 0.0550244 0.102626
1 0.130975 0.475994 0.035219 0.0617253
1 0.126689 0.495935 0.062425 0.104021
1 0.0888891 0.491194 0.0665297 0.11451
1 0.10915 0.462906 0.0981992 0.0388423
1 0.104638 0.457936 0.118174 0.0393397
1 0.140396 0.501256 0.086987 0.139511
1 0.124112 0.479412 0.0484964 0.0664411
