0 0.87272 0.314964 0.178675 0.121285
0 0.846342 0.32349 0.190455 0.14069
0 0.901376 0.30243 0.114908 0.0844385
0 0.843609 0.335024 0.223904 0.171295
1 0.886495 0.328113 0.114921 0.038969
1 0.897935 0.321215 0.110755 0.0398184
1 0.905799 0.314459 0.104542 0.0457951
0 0.859373 0.510941 0.0528435 0.0438501
1 0.865151 0.335142 0.140784 0.0398817
1 0.886117 0.292841 0.135706 0.0558084
1 0.876255 0.330432 0.145958 0.0441934
1 0.872319 0.299693 0.146249 0.0597851
0 0.890226 0.306857 0.171543 0.0993896
1 0.905576 0.282474 0.102165 0.0444332
1 0.836009 0.309531 0.163643 0.0847032
1 0.817783 0.311713 0.116805 0.0852268
1 0.857047 0.30072 0.133327 0.0515353
1 0.912852 0.301397 0.0811033 0.0760069
1 0.854107 0.348381 0.155759 0.050367
1 0.927022 0.295823 0.0466546 0.077423
1 0.908876 0.27603 0.0978971 0.0391387
1 0.795085 0.329181 0.0746119 0.0970731
1 0.815647 0.325746 0.100925 0.101073
