0 0.797498 0.708019 0.0862278 0.0692551
0 0.720333 0.548402 0.075962 0.075412
0 0.795858 0.705011 0.0760848 0.0546744
0 0.874084 0.715837 0.106802 0.0879331
0 0.723412 0.549381 0.0904674 0.0905662
1 0.710255 0.548685 0.04405 0.067186
1 0.779354 0.707378 0.0367896 0.059989
1 0.701835 0.549744 0.0403292 0.0717968
1 0.84113 0.711215 0.0711305 0.0968995
1 0.743334 0.551378 0.0546149 0.0966199
1 0.712157 0.551884 0.0496523 0.0508759
1 0.797845 0.697596 0.115896 0.0443085
1 0.794846 0.690937 0.0836389 0.0286822
1 0.825398 0.712677 0.0658968 0.09715
1 0.782018 0.709397 0.03756 0.0454887
1 0.771117 0.705741 0.0331404 0.0588882
1 0.798042 0.696794 0.0939847 0.0358705
1 0.828858 0.715216 0.0853827 0.0850954
0 0.876953 0.715897 0.0939921 0.0610126
1 0.856731 0.713304 0.0548252 0.0838253
1 0.84885 0.719508 0.112898 0.0884829
1 0.780256 0.699745 0.0366134 0.0413413
