0 0.274538 0.421926 0.148449 0.124986
1 0.314467 0.426881 0.0771141 0.162143
0 0.273103 0.416149 0.134343 0.0954574
1 0.273132 0.392494 0.126603 0.0499883
0 0.256723 0.440357 0.182697 0.147936
1 0.296657 0.43107 0.0827755 0.144923
1 0.26595 0.38595 0.121863 0.0432935
1 0.309293 0.424112 0.0562598 0.110913
1 0.243616 0.402708 0.0501348 0.0720724
1 0.298839 0.427847 0.0776795 0.0928855
1 0.267257 0.434525 0.141405 0.0754799
1 0.31552 0.416433 0.0424148 0.0772142
1 0.298064 0.442254 0.083524 0.0782974
1 0.242612 0.408752 0.0598788 0.0877697
1 0.30931 0.412333 0.0919671 0.126098
1 0.229494 0.428102 0.0970483 0.162024
1 0.281047 0.399295 0.133014 0.0612439
1 0.235505 0.402941 0.0472539 0.0767292
1 0.255422 0.388099 0.220912 0.0781827
1 0.263291 0.379179 0.120813 0.0408937
0 0.275681 0.400238 0.179444 0.0750552
1 0.257664 0.400699 0.0877959 0.0632617
1 0.299154 0.462983 0.0926249 0.152808
1 0.316714 0.429038 0.0496409 0.0912546
1 0.311282 0.439274 0.0632508 0.118727
1 0.299875 0.411909 0.0705604 0.0998984
1 0.263807 0.420707 0.119833 0.0804643
1 0.263862 0.401047 0.174474 0.0798869
1 0.332987 0.43001 0.0831645 0.162175
0 0.226031 0.460231 0.211961 0.159645
1 0.228202 0.416932 0.0735623 0.134403
2 0.246943 0.424365 0.191094 0.167202
