1 0.251604 0.599753 0.157728 0.142021
1 0.231766 0.615772 0.158561 0.142661
1 0.251893 0.568638 0.158171 0.142368
1 0.232523 0.584295 0.158913 0.143137
1 0.271149 0.584851 0.157239 0.142941
1 0.212811 0.600265 0.158994 0.143665
1 0.212316 0.631857 0.158225 0.144501
1 0.27128 0.553686 0.157302 0.143818
1 0.270875 0.616557 0.156415 0.145001
1 0.193246 0.616126 0.158843 0.144287
1 0.251504 0.63224 0.156894 0.145684
1 0.232644 0.553977 0.15866 0.14507
1 0.290749 0.56965 0.156717 0.144326
1 0.252126 0.538314 0.15802 0.145314
1 0.232217 0.460443 0.157664 0.14509
1 0.173778 0.632688 0.158639 0.14601
1 0.213398 0.569599 0.159698 0.145579
1 0.290729 0.60114 0.155949 0.145651
1 0.193058 0.64828 0.158274 0.146939
