0 0.830388 0.363874 0.170028 0.145444
0 0.823609 0.385513 0.190118 0.157075
1 0.873002 0.35666 0.0854688 0.147763
1 0.783881 0.361345 0.0762361 0.150673
1 0.801714 0.354649 0.0789402 0.132437
1 0.891646 0.349314 0.0812723 0.179775
1 0.856204 0.392533 0.114212 0.166491
0 0.849991 0.353643 0.122951 0.143685
1 0.848601 0.387187 0.100021 0.0508076
1 0.83775 0.394655 0.107093 0.046499
1 0.873896 0.392366 0.0958445 0.174281
0 0.836664 0.402875 0.232046 0.202984
1 0.867295 0.372952 0.0691843 0.0799298
1 0.876978 0.360689 0.0587189 0.107506
0 0.821577 0.353624 0.117315 0.131414
1 0.884753 0.354451 0.0529376 0.0966083
2 0.801986 0.369744 0.179552 0.162995
1 0.764479 0.366667 0.0713348 0.142432
1 0.819371 0.399765 0.111105 0.0407679
0 0.84296 0.33789 0.205947 0.107648
1 0.850325 0.388253 0.127193 0.0579709
1 0.863439 0.37893 0.0762824 0.0571126
1 0.864857 0.3585 0.0852306 0.0913768
0 0.808123 0.410475 0.19674 0.173376
1 0.824419 0.399773 0.131651 0.0513963
1 0.841581 0.329836 0.159593 0.0643093
