1 0.20673 0.285549 0.160678 0.13746
1 0.107309 0.270065 0.160535 0.13769
1 0.22648 0.301355 0.160046 0.137488
1 0.206946 0.254328 0.16073 0.13739
1 0.127076 0.254445 0.160496 0.137802
1 0.186951 0.27005 0.160558 0.137811
1 0.206758 0.316982 0.160567 0.138011
1 0.186837 0.301381 0.160724 0.138182
1 0.10731 0.238843 0.160652 0.137735
1 0.10728 0.301348 0.16052 0.138048
1 0.226672 0.269975 0.160077 0.137367
1 0.186904 0.238713 0.16061 0.13777
1 0.147156 0.270178 0.160632 0.138228
1 0.166952 0.285752 0.160593 0.13815
1 0.126961 0.285758 0.160303 0.138277
1 0.166786 0.254529 0.160372 0.138066
1 0.146905 0.238787 0.160348 0.13789
1 0.226601 0.332723 0.160011 0.138027
1 0.206844 0.223211 0.160545 0.137924
1 0.127117 0.22321 0.160563 0.137825
1 0.186963 0.207511 0.160644 0.137915
1 0.167109 0.223246 0.160648 0.138038
1 0.14691 0.301543 0.160369 0.138474
1 0.127008 0.332911 0.160073 0.138604
1 0.226731 0.238908 0.159794 0.1376
1 0.0882907 0.254592 0.161386 0.138302
1 0.167018 0.317246 0.160543 0.138839
1 0.186852 0.332707 0.160395 0.138424
1 0.206912 0.348273 0.160598 0.138225
1 0.0881253 0.285948 0.161105 0.138524
1 0.147277 0.207699 0.160731 0.138357
1 0.107584 0.20761 0.160676 0.138295
1 0.206844 0.191978 0.160513 0.138048
1 0.226738 0.364121 0.160284 0.13839
1 0.1075 0.348527 0.160282 0.138718
1 0.167021 0.348657 0.160531 0.139077
1 0.166996 0.192256 0.160678 0.1387
1 0.206929 0.379719 0.160401 0.139005
1 0.246663 0.348591 0.159728 0.137921
1 0.088015 0.317257 0.160895 0.139166
1 0.246401 0.317284 0.159082 0.137866
1 0.186998 0.176574 0.160711 0.138729
1 0.0883146 0.223346 0.161052 0.138645
1 0.146952 0.364258 0.160419 0.139141
1 0.127353 0.19207 0.160817 0.138665
1 0.186767 0.364185 0.160589 0.138814
1 0.226546 0.20789 0.159441 0.138163
1 0.246401 0.28616 0.158865 0.137985
1 0.147179 0.176591 0.160708 0.13897
1 0.246455 0.379954 0.159514 0.138929
1 0.127195 0.379875 0.160053 0.139132
1 0.167085 0.379925 0.160133 0.13923
1 0.18698 0.145443 0.160701 0.139223
1 0.206912 0.16107 0.160443 0.138737
1 0.226899 0.395452 0.160561 0.139106
1 0.147222 0.129785 0.16091 0.139505
1 0.167154 0.161055 0.160757 0.139243
1 0.147296 0.395748 0.160392 0.139882
1 0.186919 0.395598 0.160494 0.139636
1 0.206933 0.411072 0.160728 0.139537
1 0.107745 0.176656 0.160942 0.139489
1 0.107812 0.395489 0.16096 0.139447
1 0.226763 0.176879 0.159574 0.138721
1 0.186931 0.114338 0.160507 0.139658
1 0.127366 0.161191 0.160515 0.13981
1 0.127307 0.114302 0.160429 0.139485
1 0.0883161 0.364476 0.161035 0.140002
1 0.246244 0.254973 0.158446 0.137971
1 0.206816 0.130051 0.159987 0.13932
1 0.107591 0.129875 0.160937 0.139927
1 0.0882798 0.192558 0.161159 0.139818
1 0.167201 0.098845 0.160788 0.139982
1 0.226821 0.427014 0.159754 0.140262
1 0.167509 0.411762 0.16039 0.140955
1 0.246575 0.411599 0.159682 0.139681
1 0.127204 0.411647 0.15995 0.14065
1 0.206858 0.0988955 0.159788 0.139659
1 0.226709 0.145851 0.159203 0.139484
1 0.187182 0.0834557 0.16033 0.140598
1 0.108036 0.0990021 0.161249 0.140303
1 0.246756 0.223954 0.158271 0.138847
1 0.147297 0.0835203 0.160627 0.140745
1 0.187365 0.427432 0.161229 0.14112
1 0.266471 0.364619 0.158194 0.13907
1 0.266488 0.333409 0.157817 0.138843
1 0.0884486 0.161568 0.161296 0.141165
1 0.088438 0.412051 0.161042 0.141859
1 0.07576 0.270819 0.15152 0.141436
1 0.207575 0.442835 0.161333 0.141665
1 0.07562 0.302119 0.15124 0.141824
1 0.107736 0.427681 0.160206 0.142117
1 0.147626 0.427505 0.160574 0.142163
1 0.0887951 0.114641 0.161981 0.14095
1 0.24658 0.192932 0.157848 0.139275
1 0.167502 0.0693892 0.160726 0.138778
1 0.0757228 0.239699 0.151446 0.141816
1 0.226603 0.114948 0.15857 0.140219
1 0.227315 0.458586 0.160841 0.141571
1 0.207079 0.0693205 0.159841 0.138641
1 0.266466 0.396478 0.157839 0.140256
1 0.246842 0.443544 0.159325 0.141439
1 0.167872 0.443063 0.161528 0.142325
1 0.0756266 0.33361 0.151253 0.142563
1 0.127566 0.0695563 0.160457 0.139113
1 0.127574 0.443403 0.160366 0.142362
1 0.266324 0.302659 0.15694 0.139941
1 0.187609 0.45887 0.161194 0.142919
1 0.075744 0.208754 0.151488 0.142594
1 0.089184 0.0836676 0.161684 0.142084
1 0.187595 0.0621569 0.161025 0.124314
1 0.107895 0.458997 0.159982 0.143116
1 0.226582 0.0844413 0.15782 0.141767
1 0.246567 0.162213 0.157573 0.14042
1 0.127726 0.474765 0.160687 0.142989
1 0.207576 0.474778 0.16092 0.14336
1 0.147688 0.459369 0.160533 0.143336
1 0.0886103 0.44363 0.161192 0.143248
1 0.147692 0.0621656 0.161136 0.124331
1 0.108104 0.490595 0.16066 0.143059
1 0.26627 0.271893 0.156241 0.140591
1 0.167656 0.475063 0.160972 0.144066
1 0.0757052 0.381144 0.15141 0.144519
1 0.266593 0.428366 0.157651 0.14222
1 0.0888442 0.475063 0.161366 0.14344
1 0.147412 0.490871 0.160717 0.143893
1 0.127987 0.506241 0.160635 0.14361
1 0.107969 0.0625847 0.160602 0.125169
1 0.18739 0.490836 0.160681 0.144244
1 0.10797 0.52178 0.160737 0.143404
1 0.0758074 0.177782 0.151615 0.143902
1 0.0890399 0.506476 0.16159 0.143755
1 0.227323 0.0627259 0.158905 0.125452
1 0.246953 0.475184 0.15962 0.14307
1 0.167544 0.50677 0.160743 0.145273
1 0.227321 0.491162 0.160507 0.144565
1 0.207472 0.0545095 0.15928 0.109019
1 0.0761805 0.146619 0.152361 0.145077
1 0.1678 0.0546658 0.159864 0.109332
1 0.147702 0.522349 0.160619 0.144796
1 0.207385 0.50703 0.160384 0.145356
1 0.127965 0.0545993 0.159375 0.109199
1 0.0891257 0.538031 0.161413 0.145223
1 0.246657 0.131854 0.15663 0.142392
1 0.266439 0.241454 0.155587 0.142236
1 0.0761225 0.428719 0.152245 0.146329
1 0.266966 0.460276 0.157255 0.14352
1 0.127909 0.538156 0.160549 0.146052
1 0.187352 0.522897 0.160659 0.146595
1 0.0887811 0.0553173 0.160013 0.110635
1 0.225756 0.431548 0.0904489 0.0800523
1 0.286525 0.350974 0.15562 0.142644
1 0.286634 0.38221 0.156686 0.142879
1 0.266507 0.210448 0.156034 0.143026
1 0.0962618 0.493944 0.0895031 0.0793592
1 0.0960984 0.548653 0.0884823 0.0786668
1 0.0766126 0.0998365 0.153225 0.145706
1 0.0758873 0.46013 0.151775 0.146727
