0 0.863258 0.334151 0.11796 0.0830433
0 0.866321 0.343186 0.145898 0.105096
1 0.838561 0.33931 0.0558749 0.084785
1 0.865775 0.320783 0.109939 0.0432674
1 0.856229 0.321658 0.0729147 0.0445133
1 0.865215 0.314571 0.0986461 0.0351743
1 0.830389 0.344823 0.0493181 0.0929878
1 0.849815 0.329861 0.0653884 0.0608786
1 0.868849 0.315888 0.12954 0.0466667
1 0.832268 0.334404 0.0439918 0.0709958
1 0.842112 0.325654 0.0473363 0.0549948
1 0.891453 0.338074 0.0687869 0.103021
1 0.896081 0.360387 0.0973778 0.172461
