0 0.0832286 0.349362 0.0997293 0.0791361
0 0.0389656 0.294313 0.0779312 0.0687187
0 0.0852788 0.356626 0.129747 0.0889657
0 0.0838263 0.343345 0.115958 0.098559
1 0.113185 0.351797 0.0432374 0.0701721
1 0.0850291 0.336313 0.110752 0.046431
1 0.0769491 0.333325 0.148255 0.053111
1 0.111462 0.345647 0.036703 0.0570094
1 0.0884357 0.370209 0.143629 0.0469585
1 0.074164 0.320151 0.148328 0.0972887
1 0.0609446 0.352889 0.0583981 0.0932361
1 0.105275 0.354602 0.0515055 0.075437
1 0.0527555 0.347443 0.0496943 0.0868005
1 0.0616643 0.30985 0.0768389 0.106724
1 0.117521 0.35536 0.0601435 0.0989421
1 0.0229073 0.298745 0.0411152 0.0730414
1 0.0823522 0.3255 0.116593 0.0487722
1 0.10332 0.3471 0.0421022 0.0593914
