1 0.187178 0.457901 0.160309 0.138654
1 0.16716 0.473753 0.160596 0.139308
1 0.206897 0.473768 0.159939 0.139024
1 0.167422 0.442411 0.160491 0.138918
1 0.187062 0.48943 0.160309 0.139394
1 0.0878553 0.598447 0.160309 0.138058
1 0.147381 0.458044 0.160476 0.139371
1 0.206994 0.442349 0.160008 0.138524
1 0.0741493 0.614289 0.148299 0.138702
1 0.167317 0.505009 0.160491 0.139487
1 0.187292 0.426863 0.160259 0.139011
1 0.147412 0.520667 0.1607 0.139461
1 0.167221 0.536461 0.160387 0.139571
1 0.187115 0.52079 0.160327 0.139483
1 0.147326 0.489603 0.160534 0.13994
1 0.107483 0.583119 0.160147 0.139082
1 0.147516 0.427026 0.160531 0.139616
1 0.147418 0.552087 0.160589 0.139656
1 0.127684 0.536295 0.160648 0.139667
1 0.127362 0.505225 0.160234 0.140004
1 0.127447 0.47387 0.16052 0.139767
1 0.127606 0.567675 0.160391 0.139824
1 0.226809 0.45829 0.159357 0.139398
1 0.107544 0.489788 0.160288 0.140201
1 0.206941 0.505126 0.159932 0.139581
1 0.167335 0.411345 0.160237 0.139509
1 0.127556 0.442733 0.160575 0.139864
1 0.107798 0.52078 0.160667 0.140072
1 0.0880329 0.567787 0.160739 0.139894
1 0.108045 0.552042 0.161015 0.139834
1 0.0874827 0.630497 0.158998 0.140244
1 0.10763 0.458413 0.160431 0.140077
1 0.087897 0.474123 0.160339 0.140506
1 0.107371 0.61482 0.159526 0.140056
1 0.0746424 0.583321 0.149285 0.139885
1 0.226721 0.489777 0.15946 0.140194
1 0.0880357 0.505359 0.160767 0.140419
1 0.167262 0.567764 0.159994 0.140185
1 0.187091 0.552338 0.159822 0.140385
1 0.0878896 0.0835806 0.160103 0.140412
1 0.147631 0.39596 0.160599 0.140272
1 0.127634 0.41167 0.16054 0.140624
1 0.127351 0.599348 0.159773 0.140547
1 0.0880827 0.536612 0.160756 0.140753
1 0.187092 0.396021 0.159566 0.140376
1 0.147148 0.58368 0.159688 0.14076
1 0.0877392 0.1149 0.159974 0.140752
1 0.207055 0.411675 0.159526 0.140221
1 0.167425 0.380528 0.159963 0.140642
1 0.0878104 0.0615391 0.16009 0.123078
1 0.206911 0.536791 0.159634 0.140594
1 0.107857 0.427413 0.160613 0.140672
1 0.0877181 0.146402 0.159786 0.141053
1 0.10761 0.0692397 0.159845 0.138479
1 0.088109 0.4431 0.160602 0.14094
1 0.0744737 0.0693403 0.148947 0.138681
1 0.0743656 0.130705 0.148731 0.141227
1 0.0743929 0.0993154 0.148786 0.141137
1 0.107588 0.0994146 0.159924 0.14101
1 0.227024 0.427414 0.159334 0.140199
1 0.0742613 0.646436 0.148523 0.14163
1 0.226875 0.521322 0.159501 0.140994
1 0.147692 0.365052 0.160335 0.141272
1 0.107443 0.130791 0.159683 0.141274
1 0.0746252 0.490184 0.14925 0.141952
1 0.0744314 0.162059 0.148863 0.141764
1 0.0745851 0.458963 0.14917 0.14196
1 0.0654959 0.630497 0.130992 0.141408
1 0.0879493 0.177631 0.159824 0.141545
1 0.127612 0.0617724 0.159972 0.123545
1 0.127944 0.380739 0.160718 0.141562
1 0.127417 0.0840767 0.159618 0.14164
1 0.0747918 0.552518 0.149584 0.141846
1 0.0745612 0.521572 0.149122 0.142108
1 0.108064 0.396381 0.160664 0.141765
1 0.0656513 0.599426 0.131303 0.141927
1 0.246762 0.474622 0.1589 0.141309
1 0.10753 0.162279 0.15971 0.141888
1 0.167712 0.349485 0.160217 0.141291
1 0.107676 0.0538381 0.159458 0.107676
1 0.187382 0.365205 0.159696 0.14125
1 0.246804 0.443509 0.158785 0.141314
1 0.127509 0.115302 0.159748 0.141823
1 0.0882552 0.41207 0.160687 0.141791
1 0.0743423 0.0539641 0.148685 0.107928
1 0.187248 0.584277 0.15949 0.142551
1 0.2071 0.568693 0.159459 0.142488
1 0.207267 0.380883 0.159296 0.141696
1 0.128028 0.349729 0.16052 0.142195
1 0.147816 0.334089 0.16033 0.142051
1 0.0745405 0.427952 0.149081 0.142467
1 0.147488 0.0698852 0.159749 0.13977
1 0.127445 0.146805 0.159537 0.142542
1 0.147308 0.615648 0.15958 0.142711
1 0.246822 0.506137 0.158927 0.142307
1 0.167231 0.60005 0.159523 0.142861
1 0.0744348 0.193727 0.14887 0.142961
1 0.127443 0.631207 0.159276 0.142981
1 0.107741 0.193705 0.159768 0.142647
1 0.0879998 0.209394 0.159911 0.142844
1 0.147603 0.0542084 0.159396 0.108417
1 0.108079 0.365589 0.160566 0.142803
1 0.147407 0.100032 0.159385 0.142668
1 0.226916 0.553173 0.159173 0.142678
1 0.127566 0.178216 0.159614 0.142949
1 0.227219 0.396837 0.159057 0.142571
1 0.107647 0.647059 0.159416 0.143625
1 0.187503 0.334455 0.159658 0.14261
1 0.0884244 0.381318 0.160597 0.143126
1 0.0654014 0.11562 0.130803 0.14394
1 0.167473 0.0625018 0.159657 0.125004
1 0.147528 0.131393 0.159535 0.143155
1 0.0654657 0.0843053 0.130931 0.143692
1 0.108145 0.334488 0.160493 0.14327
1 0.127935 0.318915 0.160265 0.1433
1 0.0744303 0.225225 0.148861 0.143575
1 0.0653875 0.146834 0.130775 0.144013
1 0.167714 0.318912 0.159803 0.143113
1 0.207291 0.350313 0.159452 0.142897
1 0.0881708 0.240888 0.159868 0.143448
1 0.246867 0.537814 0.158889 0.143431
1 0.0654732 0.0626331 0.130946 0.125266
1 0.107871 0.225325 0.159772 0.143696
1 0.0656929 0.568701 0.131386 0.144023
1 0.0884245 0.350241 0.160507 0.14375
1 0.147617 0.162787 0.15958 0.143555
1 0.167431 0.0846538 0.159455 0.143477
1 0.0879314 0.662874 0.159228 0.144336
1 0.247057 0.412754 0.159096 0.142863
1 0.127768 0.20974 0.159697 0.143806
1 0.0746177 0.397236 0.149235 0.143981
1 0.108091 0.303479 0.160114 0.143909
1 0.147898 0.303489 0.159914 0.143763
1 0.0882814 0.319151 0.160167 0.143932
1 0.0882159 0.272206 0.159862 0.143852
1 0.0744345 0.256714 0.148869 0.144112
1 0.266648 0.459855 0.158248 0.143393
1 0.147708 0.194167 0.159849 0.143972
1 0.0653826 0.178518 0.130765 0.145027
1 0.107966 0.256705 0.159824 0.144089
1 0.167515 0.11615 0.159514 0.144092
1 0.088691 0.0464655 0.159576 0.0929309
1 0.0655016 0.475298 0.131003 0.14494
1 0.266905 0.491199 0.158406 0.143985
1 0.128012 0.287926 0.160039 0.144148
1 0.0744409 0.287998 0.148882 0.144443
1 0.0653156 0.66265 0.130631 0.144969
1 0.227223 0.366113 0.159439 0.143725
1 0.127878 0.241181 0.159806 0.144507
1 0.0655451 0.506691 0.13109 0.145245
1 0.167563 0.147459 0.159593 0.144357
1 0.0654834 0.444126 0.130967 0.144913
1 0.18737 0.0550635 0.158862 0.110127
1 0.0654619 0.538064 0.130924 0.145402
1 0.128364 0.0466138 0.159538 0.0932277
1 0.167625 0.178792 0.15959 0.144595
1 0.0747099 0.36619 0.14942 0.144793
1 0.187387 0.0707829 0.159362 0.141566
1 0.074595 0.33505 0.14919 0.144953
1 0.147844 0.225677 0.159864 0.144783
1 0.207597 0.31928 0.159898 0.144165
1 0.187827 0.30369 0.159944 0.144319
1 0.147971 0.272531 0.160047 0.144658
1 0.167884 0.288126 0.15992 0.144509
1 0.0743323 0.679098 0.148665 0.145949
1 0.266888 0.428903 0.158793 0.143921
1 0.167768 0.210095 0.159862 0.144892
1 0.227404 0.335076 0.159585 0.144486
1 0.266824 0.522781 0.158286 0.144741
1 0.0653629 0.21007 0.130726 0.14573
1 0.187532 0.100763 0.159451 0.144933
1 0.207393 0.601251 0.158604 0.146201
1 0.247369 0.381987 0.159452 0.144582
1 0.187484 0.616731 0.159245 0.146087
1 0.167879 0.241462 0.159975 0.145272
1 0.187521 0.13219 0.159501 0.145263
1 0.247527 0.569936 0.159086 0.146028
1 0.167368 0.632632 0.158359 0.146531
1 0.227416 0.585566 0.159323 0.146027
1 0.187587 0.163438 0.159575 0.145319
1 0.187877 0.272728 0.160051 0.145216
1 0.18758 0.194734 0.159615 0.145386
1 0.0653836 0.241402 0.130767 0.146024
1 0.0654299 0.413349 0.13086 0.146001
1 0.0464561 0.626951 0.09107 0.0801643
1 0.207799 0.288394 0.160083 0.145203
1 0.187836 0.225946 0.159887 0.145487
1 0.247276 0.350909 0.159443 0.145174
1 0.168158 0.0470593 0.15943 0.0941185
1 0.227612 0.304043 0.15987 0.14521
1 0.0653054 0.272844 0.130611 0.146453
1 0.207409 0.063608 0.158718 0.127216
1 0.147893 0.64816 0.159254 0.1469
1 0.207773 0.257327 0.159927 0.145803
1 0.267294 0.397854 0.159291 0.145253
1 0.247507 0.319822 0.15952 0.145537
