0 0.845648 0.365556 0.112427 0.0817119
0 0.959953 0.0427595 0.0800943 0.0769244
1 0.850429 0.353058 0.121437 0.0463904
1 0.845237 0.346745 0.108447 0.038695
0 0.963883 0.0418593 0.0722348 0.0574087
1 0.817968 0.36783 0.0425474 0.0765911
1 0.82611 0.363684 0.0473903 0.0668417
0 0.851689 0.36855 0.131024 0.114946
1 0.86033 0.383153 0.132326 0.0525017
1 0.828223 0.354414 0.0499111 0.048078
1 0.946898 0.0418614 0.032976 0.0623665
1 0.861839 0.392666 0.148621 0.0573311
1 0.848365 0.341115 0.120769 0.0426762
1 0.874151 0.364753 0.0664792 0.0893418
1 0.810109 0.368157 0.0390612 0.0811119
