0 0.85782 0.413431 0.138575 0.136277
0 0.859733 0.396214 0.105068 0.0860751
1 0.838847 0.402936 0.0516607 0.0851343
1 0.878304 0.410426 0.0640819 0.10635
1 0.886533 0.402834 0.0577548 0.100117
1 0.883662 0.415973 0.0497442 0.0949064
1 0.841069 0.396083 0.0428845 0.0699593
1 0.829772 0.403461 0.050261 0.0877732
1 0.827641 0.416703 0.0616858 0.101086
1 0.833036 0.397044 0.0407186 0.0733277
1 0.85026 0.44712 0.116023 0.0419787
1 0.838758 0.413771 0.0732987 0.102775
1 0.850944 0.393736 0.0638366 0.0649476
1 0.873478 0.421104 0.0554685 0.0844481
0 0.858176 0.411114 0.109976 0.0991556
1 0.890688 0.41296 0.115703 0.152413
1 0.855569 0.383603 0.0697959 0.044036
1 0.864383 0.382527 0.0998868 0.0441742
1 0.863346 0.377203 0.114794 0.0434324
1 0.818445 0.426367 0.0551641 0.089783
1 0.863877 0.376315 0.0915537 0.0360392
1 0.852004 0.400818 0.0747836 0.0822183
1 0.842468 0.453244 0.119627 0.0423684
1 0.856177 0.436344 0.0940131 0.0440327
1 0.894917 0.423232 0.180999 0.134159
1 0.805371 0.431977 0.0624154 0.12905
1 0.809864 0.441206 0.0481567 0.0884548
1 0.855668 0.422722 0.106873 0.078673
1 0.82276 0.422036 0.0700855 0.141118
1 0.895584 0.399278 0.0565293 0.102025
1 0.821398 0.412758 0.0482932 0.0839143
1 0.818233 0.438548 0.0611203 0.0927747
1 0.870076 0.425666 0.0675894 0.0627054
1 0.864256 0.370018 0.0901445 0.033821
1 0.830127 0.428448 0.0769697 0.0992754
1 0.843004 0.420104 0.094201 0.0997422
1 0.849823 0.449251 0.155699 0.0589274
1 0.829439 0.45849 0.10842 0.0396886
1 0.853543 0.405416 0.0922462 0.0952608
1 0.893632 0.415919 0.0505843 0.100531
1 0.875021 0.416414 0.115074 0.134727
