0 0.86762 0.359846 0.151212 0.12983
0 0.869134 0.35849 0.131215 0.0944415
1 0.845838 0.356122 0.0504707 0.0764563
0 0.855211 0.378966 0.193433 0.155313
1 0.835949 0.362452 0.0516731 0.0859829
1 0.834956 0.36314 0.0699141 0.103584
1 0.819008 0.372674 0.06644 0.125161
1 0.907606 0.357691 0.0948176 0.139217
0 0.87636 0.352946 0.198975 0.0942746
1 0.869785 0.337422 0.109811 0.0436533
1 0.8812 0.384598 0.147354 0.0513869
1 0.863684 0.346689 0.0946698 0.0566395
1 0.864371 0.389161 0.155255 0.0489321
1 0.926167 0.360164 0.0848968 0.157777
0 0.856186 0.371234 0.10252 0.122582
1 0.827107 0.362892 0.0508547 0.0804603
1 0.839225 0.350335 0.0440495 0.0643992
1 0.892986 0.390972 0.126494 0.165808
