0 0.775126 0.517239 0.104012 0.0839746
1 0.750048 0.514163 0.0401672 0.0748209
0 0.770865 0.513121 0.091041 0.0666776
0 0.785022 0.50466 0.15444 0.126374
1 0.741773 0.513125 0.0397791 0.0780437
1 0.776796 0.530353 0.105006 0.0396765
1 0.757575 0.510268 0.056865 0.0733029
0 0.863625 0.444795 0.169565 0.141623
1 0.749104 0.506404 0.0489638 0.075737
0 0.806484 0.491611 0.237128 0.193551
1 0.75432 0.521946 0.0451745 0.039205
0 0.775061 0.521161 0.0938781 0.0467832
0 0.834486 0.468756 0.218931 0.177133
1 0.907482 0.449933 0.0866407 0.152531
1 0.772156 0.493602 0.116272 0.0512876
