0 0.188403 0.468878 0.159657 0.131175
0 0.158756 0.488564 0.20028 0.164226
1 0.220398 0.470788 0.106293 0.140761
1 0.183358 0.433708 0.140816 0.0508017
1 0.239099 0.472349 0.0982748 0.147519
1 0.227285 0.470618 0.0644819 0.113071
0 0.101081 0.592354 0.0789644 0.0610142
1 0.169803 0.467644 0.108615 0.0920731
1 0.213419 0.480945 0.0978997 0.0780843
0 0.166109 0.484408 0.24301 0.229305
1 0.223426 0.499746 0.104115 0.168685
1 0.2151 0.468523 0.087085 0.0907669
1 0.157823 0.473978 0.0842165 0.103265
1 0.177501 0.434998 0.231731 0.0829105
0 0.164862 0.469705 0.165922 0.149885
1 0.188431 0.50127 0.163243 0.0571716
