0 0.791862 0.480782 0.107675 0.0897583
1 0.768605 0.480983 0.0431341 0.0713179
1 0.777855 0.471863 0.0438774 0.0540899
1 0.766764 0.487216 0.0518912 0.0865827
1 0.798799 0.461273 0.0953013 0.0409981
1 0.781683 0.46567 0.044333 0.0427196
1 0.799026 0.455398 0.0828775 0.0303252
1 0.759352 0.488491 0.0442636 0.0809853
0 0.804675 0.492184 0.178506 0.116977
0 0.793802 0.482464 0.139189 0.124889
1 0.806306 0.456703 0.11766 0.0426367
1 0.792702 0.468627 0.0841926 0.0494328
1 0.802055 0.449432 0.0974402 0.0344286
1 0.803529 0.501397 0.147617 0.0554913
1 0.817337 0.458246 0.147559 0.0509585
0 0.791674 0.490164 0.129992 0.085875
