0 0.157901 0.300428 0.0965951 0.0884918
1 0.143408 0.300208 0.055078 0.0760167
1 0.13437 0.29978 0.0535471 0.078246
1 0.178217 0.303589 0.0502364 0.0897945
0 0.137812 0.315986 0.153634 0.119721
0 0.0643797 0.292443 0.0895768 0.0799797
0 0.121579 0.334273 0.18432 0.162175
1 0.131642 0.304617 0.0687386 0.0892342
1 0.176894 0.298254 0.0429584 0.0732529
0 0.134857 0.361267 0.204203 0.199904
1 0.156692 0.282194 0.0930844 0.0421796
1 0.148792 0.284314 0.0572722 0.0468579
1 0.171883 0.308381 0.0681693 0.100603
1 0.193128 0.32487 0.0838748 0.146978
1 0.0857586 0.29875 0.0760181 0.0957264
1 0.157109 0.275979 0.0884029 0.0339168
1 0.0462754 0.297863 0.0429539 0.0807103
1 0.138806 0.287955 0.0517001 0.0618529
1 0.122433 0.299478 0.0976239 0.0809171
1 0.186832 0.301914 0.045771 0.0805285
1 0.102229 0.299657 0.13125 0.0926893
1 0.0994914 0.290168 0.0994532 0.100558
1 0.133996 0.310335 0.10157 0.0960861
