0 0.245621 0.350668 0.0967526 0.0695273
1 0.241807 0.33797 0.120704 0.043869
1 0.265842 0.347302 0.0593038 0.071097
0 0.213869 0.407172 0.217298 0.176477
1 0.249176 0.368775 0.103127 0.0422944
0 0.23669 0.361473 0.13833 0.103358
1 0.274804 0.348844 0.0419727 0.0717359
1 0.246405 0.363378 0.0877664 0.0316909
1 0.26091 0.368949 0.0913538 0.062407
1 0.246502 0.357518 0.0934339 0.0337164
1 0.236565 0.358752 0.123773 0.0381735
0 0.229003 0.365757 0.186065 0.117461
0 0.214557 0.436633 0.227344 0.199823
1 0.234402 0.332457 0.129693 0.0429585
1 0.250184 0.356094 0.092012 0.0515321
