0 0.139158 0.488009 0.154079 0.141114
1 0.175433 0.486857 0.0772131 0.16288
0 0.141565 0.478496 0.140539 0.103423
0 0.152893 0.466675 0.11047 0.0906921
1 0.177582 0.513411 0.0791438 0.164431
0 0.116466 0.5051 0.156182 0.147002
1 0.17226 0.480874 0.066674 0.105598
1 0.10526 0.484699 0.0687081 0.119132
1 0.0879618 0.488084 0.072639 0.144746
1 0.158841 0.511404 0.0879645 0.155066
1 0.178352 0.473447 0.0511105 0.0977575
1 0.194379 0.491416 0.0809422 0.166432
1 0.171726 0.475926 0.0870269 0.124906
2 0.116046 0.496135 0.158977 0.142393
1 0.152655 0.447065 0.113347 0.0429319
0 0.152675 0.486531 0.0984341 0.128884
1 0.132248 0.463193 0.0819951 0.0748668
0 0.145178 0.510947 0.140813 0.146816
1 0.134202 0.469233 0.105005 0.0917915
1 0.14804 0.45431 0.111868 0.0534238
1 0.154001 0.501787 0.131402 0.0629122
