0 0.827977 0.601987 0.137333 0.122408
0 0.824768 0.59928 0.119193 0.0974724
1 0.799151 0.597396 0.0531393 0.0997608
1 0.856835 0.598198 0.0582518 0.103743
1 0.81038 0.596535 0.0668575 0.0952258
1 0.853053 0.605347 0.0988183 0.127852
1 0.789355 0.596961 0.0539912 0.0996233
1 0.850301 0.611183 0.0687965 0.101096
1 0.824809 0.573204 0.130136 0.0462861
1 0.798928 0.609528 0.0656198 0.103212
1 0.782721 0.608329 0.063116 0.118367
1 0.855998 0.621584 0.131161 0.139322
1 0.866753 0.59518 0.0594508 0.107192
1 0.801614 0.584607 0.0411471 0.0669248
1 0.848014 0.593462 0.0631752 0.100232
1 0.847229 0.624143 0.0693737 0.0843948
1 0.830303 0.617725 0.125553 0.0660731
1 0.825254 0.578367 0.108982 0.0496839
0 0.950155 0.17075 0.0795487 0.0718606
1 0.793789 0.584525 0.0391761 0.0695353
1 0.789823 0.616642 0.0571778 0.102549
0 0.833059 0.585718 0.141614 0.0762026
1 0.825351 0.636574 0.100674 0.0485849
1 0.817293 0.581506 0.0760567 0.0564077
1 0.820093 0.566248 0.108742 0.0364496
1 0.819091 0.57169 0.0889627 0.0390231
1 0.870112 0.600549 0.0977312 0.144674
1 0.813384 0.608397 0.0955778 0.101831
1 0.782034 0.61118 0.0430564 0.0803885
1 0.830633 0.604091 0.120324 0.0796186
1 0.829661 0.633327 0.129901 0.0586591
1 0.817176 0.642682 0.103142 0.0453658
1 0.785793 0.613856 0.0776232 0.143281
1 0.858063 0.620161 0.0671375 0.0929806
1 0.80256 0.575214 0.0426387 0.0463496
1 0.8548 0.590436 0.0491416 0.0785587
1 0.815216 0.565179 0.0863519 0.0307208
1 0.801885 0.582763 0.0952582 0.0955086
1 0.782051 0.598871 0.0491091 0.0878956
1 0.862215 0.637559 0.220367 0.127836
1 0.819827 0.574012 0.143228 0.0742933
