0 0.310933 0.518752 0.0995794 0.0881271
1 0.325723 0.520202 0.0571117 0.0861456
1 0.335685 0.515421 0.0485162 0.0857697
1 0.313801 0.501161 0.106273 0.0414637
1 0.306424 0.51018 0.0834834 0.059928
1 0.307879 0.535608 0.098052 0.0501194
1 0.312999 0.494976 0.0998274 0.0360775
0 0.310979 0.515401 0.11555 0.0672976
0 0.298006 0.520304 0.137257 0.121385
0 0.305366 0.530015 0.0977962 0.062613
1 0.292586 0.51172 0.0554597 0.0676306
1 0.325483 0.530323 0.0681996 0.0765299
1 0.299717 0.503479 0.0703928 0.0512366
1 0.282164 0.519681 0.054733 0.0866603
1 0.299597 0.540617 0.10576 0.0410372
1 0.344115 0.509348 0.0417027 0.076227
1 0.334848 0.531319 0.0805512 0.159637
1 0.351624 0.5256 0.0882871 0.149935
1 0.311827 0.489323 0.116289 0.038715
1 0.292553 0.522033 0.0736311 0.0931931
1 0.306113 0.535911 0.14784 0.0454701
0 0.314297 0.506327 0.0990338 0.0557661
1 0.30313 0.496197 0.0997276 0.0433033
1 0.27409 0.524258 0.0470399 0.0953173
