0 0.180377 0.439998 0.157717 0.133859
1 0.214174 0.439265 0.0806658 0.140499
0 0.157109 0.447732 0.171198 0.141963
0 0.192005 0.442925 0.105531 0.118614
1 0.234356 0.443557 0.0775565 0.16671
1 0.191842 0.407987 0.123777 0.0499096
1 0.128782 0.438815 0.072487 0.141466
1 0.143598 0.423214 0.0933059 0.091724
1 0.221447 0.440698 0.0684681 0.108444
1 0.178459 0.401775 0.139132 0.0486341
1 0.144169 0.43988 0.0677445 0.117158
1 0.227739 0.449302 0.0504706 0.0990484
0 0.163356 0.43828 0.106345 0.114531
0 0.172807 0.464745 0.182704 0.162115
