0 0.0966015 0.371979 0.144502 0.122794
0 0.0951457 0.37158 0.190291 0.0980743
0 0.0792908 0.364722 0.121251 0.0893509
1 0.0766159 0.345457 0.121153 0.0480636
1 0.136096 0.384519 0.0848499 0.130218
0 0.107584 0.392675 0.155962 0.146509
1 0.0925238 0.353733 0.146926 0.0600209
1 0.108873 0.363367 0.105542 0.0732449
1 0.0723282 0.338493 0.112585 0.0400112
1 0.0743748 0.382956 0.123426 0.0734767
1 0.154719 0.392842 0.0816639 0.151514
1 0.104108 0.377131 0.158538 0.0843334
1 0.0537991 0.355456 0.0509193 0.0715451
1 0.0443607 0.356257 0.0498818 0.0789435
0 0.111462 0.424468 0.158857 0.18911
0 0.0837239 0.385379 0.158573 0.153402
