0 0.91043 0.258048 0.160426 0.145972
0 0.89461 0.271726 0.146605 0.154412
0 0.921881 0.245247 0.156238 0.108443
1 0.858907 0.270503 0.0693326 0.137327
1 0.929334 0.284916 0.0907418 0.183371
1 0.876087 0.262892 0.0693086 0.115922
1 0.948093 0.266061 0.081679 0.168285
1 0.891894 0.24916 0.081111 0.094814
1 0.893962 0.235716 0.0876384 0.0875866
0 0.892869 0.44687 0.0664961 0.0489625
0 0.887288 0.293102 0.163288 0.147774
1 0.962994 0.233157 0.0740116 0.150127
0 0.894135 0.447876 0.0644802 0.0681482
