0 0.78946 0.489193 0.0947891 0.0814251
1 0.769181 0.488814 0.0384636 0.0722652
1 0.788963 0.471292 0.0958131 0.0358247
1 0.792697 0.476952 0.0987805 0.0423839
1 0.812772 0.493201 0.0553149 0.101368
1 0.777353 0.488657 0.0547283 0.0679324
1 0.784431 0.479101 0.0679818 0.048088
1 0.761606 0.487346 0.0364789 0.0739117
0 0.803762 0.493425 0.122275 0.0854445
0 0.792606 0.48482 0.0887971 0.0586745
1 0.792751 0.506079 0.100538 0.065016
1 0.81861 0.494544 0.0441213 0.0836976
1 0.770909 0.473543 0.040993 0.0395946
1 0.802401 0.493142 0.0736665 0.0906389
1 0.786792 0.464232 0.0902577 0.0336196
1 0.78435 0.514935 0.115062 0.048577
1 0.787982 0.465492 0.117068 0.044182
