0 0.216925 0.335835 0.178621 0.154638
0 0.190077 0.344072 0.189895 0.151331
0 0.201605 0.326189 0.254575 0.236896
0 0.211192 0.366935 0.200674 0.174845
0 0.223901 0.332557 0.14728 0.129541
0 0.227228 0.572354 0.0840241 0.0716903
0 0.186134 0.315958 0.183193 0.138055
1 0.259383 0.33932 0.0842267 0.132778
0 0.162124 0.295716 0.127132 0.0801388
1 0.277664 0.345289 0.0807221 0.141031
1 0.14086 0.293719 0.0581943 0.078634
0 0.187318 0.408169 0.215499 0.237958
1 0.261641 0.373819 0.0894713 0.174926
1 0.136425 0.288608 0.086263 0.0809358
