0 0.841428 0.195177 0.0828943 0.0688723
0 0.842792 0.199481 0.0799245 0.0450286
1 0.828101 0.197007 0.0351161 0.0644087
1 0.821292 0.196085 0.0352964 0.0690832
0 0.839062 0.195131 0.0618045 0.0544206
1 0.857602 0.192885 0.0459268 0.0745713
1 0.843707 0.181863 0.0937115 0.0359923
1 0.866921 0.194952 0.0359416 0.0645769
1 0.838657 0.207725 0.0885068 0.036641
1 0.841686 0.207167 0.0728681 0.0306298
1 0.832122 0.201313 0.0406487 0.0405242
1 0.856861 0.198613 0.0574193 0.0681148
1 0.834871 0.184249 0.0582887 0.0418336
1 0.842171 0.175803 0.0962761 0.0333344
