0 0.280227 0.567176 0.139238 0.107563
0 0.29347 0.562446 0.127879 0.0882487
0 0.281383 0.577045 0.168032 0.110104
1 0.287235 0.548562 0.133873 0.0512829
1 0.314743 0.575252 0.0781126 0.151274
0 0.125365 0.428171 0.109483 0.0826923
1 0.282895 0.541895 0.118519 0.0415659
1 0.318887 0.572944 0.0552017 0.108493
0 0.293712 0.571082 0.0971281 0.103331
1 0.325083 0.563442 0.041421 0.076311
1 0.263877 0.550358 0.134286 0.0530206
0 0.264171 0.578863 0.17526 0.132563
1 0.282269 0.588521 0.17353 0.0578206
1 0.299467 0.542351 0.120928 0.0458215
1 0.300449 0.579569 0.0973815 0.0776966
1 0.273814 0.543138 0.205895 0.0738585
1 0.332571 0.57366 0.081665 0.153747
1 0.296157 0.592884 0.110074 0.0603461
1 0.250255 0.560951 0.140382 0.0854637
0 0.288176 0.555848 0.177511 0.071656
0 0.263069 0.568149 0.135818 0.126469
0 0.12856 0.435906 0.139141 0.113328
1 0.316752 0.605374 0.0819594 0.168818
1 0.264692 0.58042 0.181757 0.0739405
1 0.32612 0.576683 0.0491226 0.0898445
1 0.310705 0.570837 0.087563 0.10556
0 0.287864 0.59315 0.170643 0.155262
1 0.25608 0.556512 0.113048 0.0606268
1 0.277703 0.555073 0.143776 0.0641956
