0 0.956257 0.299194 0.087486 0.0833408
0 0.952051 0.307548 0.0958976 0.0803581
1 0.961872 0.2827 0.0762554 0.0351064
1 0.958273 0.289777 0.071664 0.0473776
0 0.972614 0.56706 0.0547715 0.0493711
0 0.862848 0.497425 0.0721034 0.0596725
1 0.942947 0.299633 0.0519981 0.066904
1 0.975213 0.301205 0.0495734 0.0904472
1 0.982682 0.294349 0.0346354 0.0719088
1 0.962937 0.276288 0.0741265 0.0322421
1 0.933399 0.307276 0.0515006 0.0776194
1 0.954337 0.317669 0.0913268 0.0558413
0 0.954923 0.295944 0.0901542 0.0610385
0 0.946234 0.309932 0.107532 0.0970281
0 0.939019 0.316551 0.121963 0.136356
