0 0.82423 0.670521 0.107813 0.0757703
0 0.756443 0.447535 0.152817 0.145801
1 0.802901 0.671394 0.0477026 0.0758843
0 0.825517 0.671892 0.124139 0.0950543
1 0.83696 0.674761 0.0889711 0.0543518
1 0.811054 0.667501 0.0488063 0.0684188
1 0.82722 0.687492 0.0992165 0.0410808
0 0.782033 0.475831 0.292271 0.265682
1 0.826636 0.656485 0.109552 0.0509369
0 0.760168 0.458757 0.191524 0.172007
1 0.852887 0.662411 0.054704 0.0736945
1 0.850832 0.671965 0.0727413 0.0555134
1 0.720283 0.454925 0.0588313 0.0977757
0 0.833881 0.549456 0.110117 0.0802276
1 0.781325 0.47124 0.167753 0.165976
1 0.814591 0.661833 0.0796188 0.0641106
0 0.779976 0.494269 0.224002 0.228168
