0 0.0721738 0.284059 0.0959512 0.0838754
0 0.119504 0.388683 0.140648 0.124763
0 0.0718305 0.287406 0.0886521 0.0612074
0 0.110446 0.403873 0.131319 0.0945938
1 0.0924005 0.39257 0.0733217 0.0858816
1 0.103383 0.383535 0.0807087 0.0929604
1 0.125814 0.376464 0.113795 0.0582173
1 0.113382 0.420178 0.155141 0.0502603
1 0.0840084 0.40203 0.050135 0.0771376
1 0.0776035 0.404392 0.0380232 0.0706827
1 0.15737 0.384785 0.0448423 0.0626379
1 0.129866 0.419216 0.156595 0.0589166
1 0.117555 0.368965 0.12045 0.0532558
1 0.089296 0.28424 0.0620839 0.0879212
1 0.147172 0.386064 0.0435967 0.0605418
0 0.118255 0.388776 0.116753 0.0878615
1 0.054066 0.283377 0.0478217 0.0702104
0 0.116876 0.412288 0.16128 0.156264
1 0.0713078 0.267888 0.113525 0.042381
1 0.0456838 0.283062 0.0442518 0.073812
1 0.0930521 0.37843 0.0678729 0.0944351
