0 0.932913 0.271654 0.131877 0.0966246
1 0.910433 0.269793 0.0447397 0.0821988
1 0.903232 0.267951 0.0418837 0.0815524
0 0.823839 0.438339 0.0914643 0.0742705
1 0.931786 0.25193 0.129861 0.0502777
0 0.929513 0.265148 0.108329 0.0765569
1 0.963409 0.273104 0.0524274 0.0888952
1 0.928485 0.244816 0.114901 0.041348
1 0.950599 0.280315 0.0788824 0.0750908
1 0.935871 0.293309 0.107556 0.0437871
1 0.927291 0.250654 0.10004 0.0432526
1 0.912206 0.254463 0.0475599 0.0521768
1 0.952057 0.270782 0.0818948 0.121016
1 0.953891 0.294016 0.0820132 0.163892
1 0.946493 0.289384 0.0891722 0.0448351
1 0.897664 0.26869 0.0704563 0.0965487
1 0.964771 0.269786 0.0704582 0.130753
1 0.711565 0.501664 0.0424079 0.0529416
1 0.721771 0.501297 0.0558952 0.0681341
