1 0.801422 0.427767 0.157838 0.141666
1 0.820657 0.412324 0.157828 0.141842
1 0.801549 0.396504 0.158331 0.141699
1 0.781953 0.443695 0.158867 0.142685
1 0.820433 0.443797 0.157144 0.142242
1 0.782044 0.412371 0.15868 0.142743
1 0.801147 0.459629 0.158049 0.143295
1 0.839991 0.397112 0.156686 0.142929
1 0.821238 0.381366 0.157958 0.142378
1 0.762556 0.428574 0.158866 0.144385
1 0.840091 0.428265 0.156961 0.142673
1 0.782173 0.381811 0.158404 0.144039
1 0.76241 0.397558 0.158783 0.144651
1 0.840825 0.366395 0.158062 0.144115
1 0.762564 0.460063 0.159108 0.144783
1 0.840109 0.460261 0.156592 0.145378
1 0.801818 0.366285 0.158123 0.144138
1 0.781862 0.476037 0.15819 0.146312
1 0.820692 0.475993 0.157353 0.14615
1 0.859803 0.413597 0.156235 0.145064
1 0.860237 0.381908 0.157323 0.143969
1 0.743006 0.41354 0.158907 0.146122
1 0.743262 0.444664 0.159419 0.145828
