0 0.696877 0.387003 0.13521 0.120426
0 0.702912 0.402055 0.178724 0.112176
1 0.699784 0.377743 0.14988 0.0587424
1 0.710175 0.371045 0.134984 0.050768
0 0.719335 0.397496 0.138243 0.0905931
0 0.713485 0.409414 0.166606 0.148353
1 0.65936 0.385687 0.0499953 0.0891783
1 0.683754 0.369644 0.133724 0.050973
1 0.729406 0.41476 0.0992609 0.0562549
1 0.734327 0.401119 0.0771969 0.0786981
1 0.699245 0.418417 0.170336 0.062861
1 0.65131 0.384993 0.0434479 0.0860695
1 0.7412 0.390374 0.0631535 0.0773161
1 0.658962 0.393769 0.0639066 0.105889
1 0.711146 0.420467 0.131574 0.049337
1 0.723451 0.377476 0.123072 0.055668
0 0.697633 0.383859 0.141236 0.0860068
0 0.705189 0.385387 0.200524 0.0847025
1 0.695537 0.3693 0.166668 0.0748355
