0 0.904766 0.583135 0.150287 0.119122
0 0.893617 0.576489 0.134977 0.0958965
1 0.94083 0.578107 0.0880073 0.131677
1 0.86479 0.574233 0.052203 0.0758251
1 0.875446 0.565784 0.0614047 0.061146
1 0.897747 0.555462 0.129782 0.0492636
1 0.908935 0.549347 0.129866 0.0467372
1 0.864128 0.58269 0.0709693 0.108189
1 0.855292 0.579587 0.0501615 0.0829763
1 0.881526 0.557485 0.0720718 0.0455744
1 0.891668 0.56324 0.114822 0.0577599
1 0.911356 0.541903 0.110368 0.0387256
1 0.873892 0.565442 0.149779 0.0910961
1 0.894323 0.549667 0.110874 0.0409353
0 0.886762 0.585901 0.104425 0.118257
1 0.943225 0.608403 0.0869377 0.174442
1 0.846216 0.583296 0.0665757 0.11679
1 0.903636 0.555917 0.17458 0.070933
1 0.857336 0.569265 0.0466109 0.0652204
