0 0.111188 0.296016 0.138786 0.0843548
0 0.124229 0.296206 0.149054 0.115173
1 0.113581 0.281841 0.134528 0.0519948
1 0.110523 0.27524 0.112962 0.0378042
1 0.0868883 0.293528 0.0518918 0.0804671
1 0.078611 0.292928 0.0484175 0.0848874
1 0.106975 0.269194 0.121312 0.0386766
1 0.165148 0.314443 0.0926369 0.158137
1 0.1176 0.322516 0.176591 0.0578352
0 0.108329 0.305893 0.116269 0.113304
1 0.106686 0.282396 0.0904753 0.0501183
1 0.108471 0.315748 0.15533 0.0449877
0 0.119289 0.314164 0.176475 0.148192
1 0.0919442 0.279661 0.0613036 0.0535811
