0 0.767809 0.656797 0.0731056 0.0544134
0 0.709268 0.613581 0.0995241 0.0832897
1 0.728494 0.636604 0.0662107 0.110178
1 0.737749 0.629152 0.064574 0.107651
1 0.687089 0.627282 0.0563626 0.10405
1 0.739033 0.646503 0.0652572 0.106427
0 0.715931 0.626294 0.133088 0.124865
1 0.742289 0.656494 0.0846489 0.0942169
0 0.706333 0.640854 0.0985666 0.0798729
1 0.688913 0.613872 0.0468922 0.0744138
1 0.72526 0.652396 0.104124 0.0720072
0 0.769221 0.658711 0.054624 0.0420835
1 0.678336 0.641033 0.0499317 0.0899772
1 0.677024 0.626225 0.0591105 0.106727
1 0.753259 0.637586 0.0808373 0.113847
1 0.689416 0.642172 0.055808 0.0840833
0 0.704865 0.643699 0.0912476 0.0533588
1 0.689831 0.606952 0.0416086 0.0584661
1 0.6986 0.618845 0.0669971 0.0901795
1 0.681041 0.612879 0.0414548 0.0728192
1 0.757796 0.6563 0.0722054 0.0685456
1 0.763572 0.659764 0.0389792 0.0613954
1 0.728599 0.672054 0.162622 0.0630119
1 0.702479 0.66065 0.107112 0.0363133
1 0.708762 0.637696 0.115223 0.0870119
1 0.710547 0.654773 0.111322 0.0446921
1 0.772594 0.651019 0.0654069 0.0268433
1 0.748938 0.664557 0.102682 0.0721359
1 0.711566 0.664185 0.130312 0.0442117
1 0.699721 0.631584 0.0782448 0.104917
1 0.708896 0.595615 0.103304 0.0427404
1 0.76889 0.645279 0.0967205 0.0306065
1 0.700912 0.603184 0.0607178 0.0477144
0 0.711269 0.62845 0.102217 0.0942776
1 0.733882 0.616822 0.0502532 0.0837209
0 0.74694 0.457343 0.0786517 0.0633352
1 0.682163 0.644089 0.0511866 0.0592342
1 0.746894 0.620223 0.0627578 0.107879
1 0.704972 0.595415 0.0698403 0.0344241
1 0.702377 0.660002 0.0793636 0.0315351
1 0.6701 0.642522 0.042013 0.0748753
