0 0.851874 0.474561 0.170279 0.148155
0 0.869211 0.461545 0.18097 0.147747
1 0.888946 0.470052 0.160788 0.0576172
1 0.874384 0.502849 0.0998977 0.191539
0 0.861589 0.466428 0.127099 0.0895944
0 0.815867 0.523685 0.187622 0.166974
0 0.836163 0.495609 0.213053 0.194278
1 0.884987 0.478686 0.143373 0.0691802
1 0.854481 0.518145 0.0971142 0.191635
1 0.894421 0.48646 0.0969768 0.187307
1 0.86979 0.438535 0.077374 0.0582604
1 0.861686 0.445769 0.0864332 0.0532523
0 0.834517 0.491426 0.173285 0.154207
1 0.820453 0.471887 0.0741695 0.103754
