0 0.749978 0.537242 0.140689 0.140109
0 0.755226 0.534678 0.196007 0.135084
1 0.718754 0.524996 0.0466228 0.0800727
1 0.710367 0.525128 0.0420725 0.0780528
1 0.718758 0.531552 0.0535869 0.101635
1 0.719062 0.519036 0.0415674 0.062591
1 0.739176 0.509382 0.127646 0.0498826
1 0.736868 0.502717 0.113168 0.0424927
1 0.710186 0.534038 0.0498741 0.0868287
0 0.739609 0.528036 0.109211 0.092271
1 0.77853 0.541965 0.0699587 0.109843
1 0.737605 0.501932 0.0864275 0.033368
1 0.739063 0.507888 0.0985184 0.0422174
