0 0.19577 0.439782 0.173028 0.132968
1 0.234597 0.441327 0.0811698 0.150048
1 0.254075 0.444718 0.0792668 0.16306
0 0.18408 0.468498 0.184429 0.159651
0 0.17174 0.446315 0.187385 0.164826
1 0.197411 0.408366 0.143041 0.0552998
0 0.212053 0.440445 0.105716 0.120214
1 0.241796 0.43923 0.0620558 0.113082
1 0.19169 0.401597 0.127828 0.0459623
1 0.225969 0.451024 0.0938623 0.074445
1 0.183875 0.41701 0.183434 0.0786881
1 0.173664 0.409679 0.137761 0.053081
1 0.145224 0.439505 0.0644779 0.119851
0 0.205239 0.429557 0.15041 0.0940302
1 0.246991 0.431189 0.0488982 0.0902726
1 0.192179 0.453312 0.173299 0.0778586
1 0.143838 0.424712 0.0831257 0.0956562
1 0.177617 0.403159 0.205942 0.0759931
1 0.22841 0.436833 0.0836108 0.0900634
1 0.200645 0.463891 0.170435 0.0695014
1 0.149292 0.43834 0.0862806 0.145899
1 0.210904 0.40206 0.129939 0.0494093
0 0.210715 0.463272 0.173093 0.142995
1 0.213925 0.455474 0.133093 0.0593109
0 0.20517 0.417074 0.197405 0.0761421
1 0.163279 0.440217 0.0788881 0.117897
1 0.249788 0.426063 0.0905768 0.133917
1 0.19827 0.395382 0.131198 0.0441793
1 0.238311 0.480353 0.088085 0.166068
2 0.165879 0.439391 0.182383 0.166888
1 0.219341 0.446644 0.101871 0.139425
1 0.129952 0.436078 0.0747533 0.147174
1 0.167405 0.416366 0.0951845 0.0599072
1 0.153617 0.424723 0.0583088 0.0745034
1 0.211789 0.414604 0.13132 0.0641681
