0 0.7558 0.418219 0.136787 0.115267
0 0.741545 0.417971 0.105569 0.0884332
1 0.721499 0.415655 0.0477059 0.0847769
1 0.713346 0.412181 0.0385024 0.0766537
1 0.76697 0.431958 0.138725 0.0575058
1 0.762905 0.442581 0.126169 0.0687794
1 0.743297 0.400436 0.14504 0.0564473
1 0.738561 0.393507 0.123703 0.0442296
1 0.770093 0.425568 0.107755 0.0465447
0 0.755512 0.41666 0.196091 0.105527
1 0.737148 0.392512 0.094758 0.0362906
1 0.738282 0.399039 0.0987018 0.0460556
1 0.721829 0.402395 0.0442865 0.0524362
1 0.760829 0.394306 0.15014 0.0574933
1 0.745337 0.388342 0.151681 0.0513518
1 0.768513 0.440108 0.0785348 0.0980428
1 0.70487 0.410419 0.038766 0.0765293
1 0.775307 0.441788 0.123055 0.174056
1 0.717098 0.408256 0.0770316 0.0900437
1 0.77405 0.416617 0.103958 0.0727325
1 0.735396 0.386343 0.0888247 0.0312129
1 0.738221 0.44485 0.120272 0.0580752
1 0.792513 0.427684 0.109407 0.172148
1 0.737681 0.408709 0.0896969 0.0652471
1 0.747759 0.451427 0.118032 0.0620989
1 0.776654 0.419944 0.095963 0.0429573
1 0.70196 0.423929 0.0625006 0.110043
1 0.719738 0.424201 0.0643581 0.106437
1 0.779257 0.407946 0.0829494 0.0685573
0 0.763254 0.438837 0.17413 0.154562
1 0.726493 0.424864 0.0675113 0.0662053
1 0.770213 0.386674 0.138304 0.0540342
1 0.715808 0.425664 0.0496167 0.0705782
1 0.743464 0.429913 0.100976 0.045528
0 0.772531 0.446642 0.249656 0.207599
1 0.715508 0.397258 0.0436303 0.0463096
