0 0.860805 0.245405 0.0897491 0.0767071
1 0.878612 0.246506 0.0470108 0.0868209
1 0.847164 0.246049 0.0422254 0.0718914
1 0.838124 0.246276 0.0444231 0.0833337
1 0.862832 0.251873 0.072813 0.0723363
1 0.862372 0.228738 0.0937071 0.0366343
1 0.890091 0.244712 0.0526547 0.099839
0 0.862697 0.248235 0.120193 0.0997596
0 0.854294 0.601168 0.0626357 0.0544977
1 0.863591 0.235082 0.0841799 0.0466748
1 0.854728 0.264048 0.0974512 0.0400692
1 0.852026 0.231151 0.0579865 0.0449146
1 0.861065 0.229628 0.108323 0.0463755
1 0.880936 0.259781 0.0610963 0.0942085
1 0.859223 0.221976 0.0969495 0.0397631
