0 0.831707 0.487362 0.0998929 0.0857419
0 0.898383 0.514812 0.0799314 0.0655463
1 0.8565 0.498229 0.0787401 0.090516
0 0.846181 0.493527 0.152912 0.12751
1 0.842028 0.507142 0.121857 0.0766483
1 0.815161 0.487629 0.0550635 0.0706532
1 0.806774 0.492402 0.0486964 0.0813942
1 0.816928 0.479123 0.0489144 0.0536929
1 0.831096 0.476375 0.0881904 0.0506172
1 0.838547 0.469657 0.111586 0.0461078
1 0.846083 0.462922 0.109622 0.0421286
1 0.80867 0.482152 0.0415654 0.0586902
1 0.799095 0.492806 0.0422428 0.075301
1 0.822517 0.471537 0.0628339 0.0415926
1 0.864437 0.500992 0.108978 0.0884201
1 0.834658 0.463519 0.0838354 0.0370352
0 0.946093 0.379093 0.107813 0.0869169
1 0.866362 0.489462 0.0789965 0.087981
0 0.848555 0.482567 0.130328 0.092642
1 0.875177 0.480256 0.0707609 0.102742
1 0.826182 0.508488 0.111608 0.0564749
1 0.850022 0.456126 0.0889171 0.0337774
0 0.936856 0.373643 0.126289 0.108701
1 0.88454 0.498917 0.121393 0.0754667
1 0.881205 0.488125 0.0954053 0.0982708
1 0.854913 0.456234 0.109903 0.0410124
1 0.871558 0.512863 0.144524 0.0994523
0 0.863727 0.512654 0.164365 0.138329
