0 0.160716 0.421078 0.0871196 0.0699124
1 0.149943 0.425221 0.0415523 0.066663
1 0.158186 0.436934 0.106458 0.0393057
1 0.142193 0.425889 0.0413834 0.0693292
1 0.164162 0.408705 0.0836711 0.0331655
0 0.162057 0.428617 0.0949923 0.0446681
1 0.180274 0.423413 0.038922 0.0630623
1 0.189944 0.42096 0.0373638 0.0656582
1 0.167196 0.414984 0.0861969 0.0433444
1 0.180691 0.418819 0.0483435 0.0741335
1 0.161308 0.409333 0.100307 0.0418226
1 0.161661 0.446339 0.130974 0.0441245
1 0.163554 0.401787 0.0840289 0.0326382
1 0.191379 0.420688 0.0466626 0.0780217
0 0.157482 0.430863 0.123101 0.0835872
