0 0.100737 0.318363 0.134328 0.093097
0 0.094718 0.312059 0.11638 0.0746118
1 0.123701 0.316276 0.0467977 0.0855273
1 0.0958534 0.298783 0.122351 0.0445703
1 0.131664 0.311129 0.039539 0.0716382
1 0.0918951 0.292457 0.111962 0.0401755
1 0.0964667 0.332987 0.106875 0.0442858
1 0.0988631 0.334811 0.151759 0.049385
1 0.0712196 0.309179 0.0493571 0.0729728
1 0.0698236 0.314786 0.0575725 0.0902462
1 0.0828538 0.307845 0.0656536 0.0622676
0 0.0884397 0.306959 0.118297 0.107066
1 0.110117 0.317584 0.0798925 0.0831307
1 0.13821 0.326274 0.0851882 0.131608
1 0.121811 0.324112 0.081684 0.136631
1 0.105621 0.338653 0.104719 0.0429752
1 0.0601544 0.314271 0.0565216 0.0985558
0 0.0990565 0.303868 0.14141 0.0699698
