0 0.819946 0.493779 0.143368 0.141866
0 0.82237 0.476222 0.123685 0.0869552
0 0.835295 0.507088 0.181431 0.154714
1 0.823206 0.461578 0.113864 0.0461701
1 0.790035 0.480832 0.0474644 0.0731486
1 0.815498 0.470132 0.101806 0.0578319
1 0.80009 0.472274 0.0571248 0.0611489
1 0.799285 0.479842 0.0668178 0.0772744
1 0.781195 0.498973 0.0639125 0.113332
1 0.859806 0.505364 0.211861 0.155469
1 0.780417 0.488578 0.0482733 0.0822708
1 0.824636 0.455212 0.100696 0.0378771
1 0.852109 0.491373 0.0736578 0.0941903
1 0.804263 0.464565 0.0588642 0.0484445
1 0.765446 0.503071 0.0681308 0.137158
1 0.783385 0.499888 0.0732083 0.145077
1 0.830331 0.510484 0.124644 0.0634959
1 0.801333 0.485135 0.082901 0.0906922
0 0.84829 0.523217 0.270913 0.219161
0 0.845972 0.528918 0.214103 0.170775
1 0.835507 0.517184 0.101014 0.0688095
1 0.826881 0.448721 0.0960346 0.0346819
2 0.827152 0.498138 0.169659 0.147379
1 0.858701 0.480082 0.0645335 0.10198
1 0.796787 0.467689 0.0924214 0.0797098
0 0.802519 0.499927 0.0973001 0.145033
0 0.800585 0.513237 0.159265 0.164854
1 0.843395 0.533389 0.202759 0.158088
1 0.819117 0.462613 0.13992 0.0689597
1 0.77247 0.488714 0.0426496 0.0789815
1 0.836504 0.457023 0.127167 0.0497887
1 0.823433 0.518407 0.150323 0.0609602
1 0.793702 0.466864 0.047535 0.0517348
0 0.815379 0.490237 0.133544 0.101763
1 0.783436 0.475842 0.0419038 0.0595879
0 0.768474 0.642387 0.0668827 0.0621105
0 0.840226 0.480157 0.215563 0.0932277
1 0.840549 0.518437 0.0809978 0.0852043
1 0.770909 0.500855 0.0519367 0.0993767
1 0.81055 0.457602 0.0716514 0.0421348
1 0.835914 0.450066 0.11908 0.0440775
1 0.766765 0.519463 0.0812983 0.149103
