0 0.612467 0.572993 0.126254 0.102529
0 0.615785 0.590609 0.145876 0.104388
0 0.624418 0.578197 0.106528 0.0819556
1 0.613328 0.564764 0.141165 0.0540071
0 0.954751 0.752932 0.0904984 0.0837713
1 0.647511 0.588502 0.0597833 0.107458
1 0.650316 0.5844 0.0868727 0.119523
0 0.599659 0.591431 0.102206 0.10945
1 0.653754 0.588511 0.0498162 0.0940857
1 0.619638 0.558146 0.122558 0.0462065
1 0.59865 0.558537 0.137852 0.0486707
1 0.6186 0.61014 0.166912 0.0638553
1 0.595256 0.564345 0.116872 0.0495658
1 0.577326 0.578771 0.071977 0.0903378
1 0.603398 0.603085 0.161676 0.0618401
1 0.624591 0.606921 0.109771 0.0596614
1 0.570726 0.579567 0.0514322 0.0849685
1 0.603243 0.571256 0.153132 0.0680424
1 0.614688 0.551775 0.136609 0.0467532
1 0.561705 0.58304 0.0617981 0.105726
1 0.600131 0.558566 0.163837 0.074208
9 0.601341 0.578053 0.131176 0.110239
1 0.621476 0.609701 0.118027 0.0417097
0 0.615556 0.571144 0.163502 0.0737112
1 0.654143 0.599749 0.179154 0.0965733
1 0.580917 0.579017 0.0579754 0.0748068
1 0.667418 0.586923 0.098627 0.137255
