1 0.86022 0.365139 0.158039 0.141079
1 0.879459 0.34969 0.157241 0.141314
1 0.879494 0.381113 0.157011 0.142228
1 0.840631 0.381119 0.158579 0.142045
1 0.860772 0.334405 0.158475 0.142073
1 0.860042 0.396681 0.157723 0.142772
1 0.841655 0.349992 0.159022 0.142363
1 0.899191 0.365875 0.156818 0.143109
1 0.880494 0.318988 0.158356 0.142655
1 0.899327 0.334557 0.156785 0.142692
1 0.880087 0.412787 0.157729 0.14405
1 0.821449 0.39756 0.158749 0.144524
1 0.840634 0.413209 0.158027 0.144673
1 0.822017 0.366118 0.159588 0.143639
1 0.899208 0.397531 0.156842 0.144272
1 0.860328 0.428825 0.158045 0.144897
1 0.89992 0.303869 0.157922 0.143948
1 0.899573 0.428999 0.157607 0.145271
1 0.821485 0.429254 0.158688 0.145928
1 0.840953 0.444801 0.158177 0.145803
1 0.919218 0.319512 0.15708 0.144365
1 0.880086 0.444725 0.157927 0.145566
1 0.918865 0.351031 0.156757 0.14491
1 0.86122 0.304029 0.158896 0.145108
1 0.860545 0.460482 0.158015 0.14601
1 0.899767 0.476282 0.157734 0.146062
1 0.919004 0.38235 0.156717 0.145462
1 0.880746 0.288552 0.158131 0.14559
1 0.841962 0.319533 0.159403 0.14501
1 0.802644 0.382285 0.159649 0.145786
