1 0.929757 0.062054 0.140486 0.124108
1 0.918995 0.0544784 0.157973 0.108957
1 0.93994 0.070149 0.12012 0.140298
1 0.940123 0.0544638 0.119754 0.108928
1 0.919463 0.0708079 0.159207 0.141616
1 0.929939 0.0849681 0.140121 0.144753
1 0.879942 0.647378 0.158001 0.144121
1 0.899639 0.663066 0.157732 0.144135
1 0.860616 0.66307 0.158175 0.144348
1 0.860497 0.632051 0.15835 0.144916
1 0.879899 0.678894 0.158211 0.144912
1 0.899368 0.632052 0.157199 0.144822
1 0.899959 0.0632713 0.159373 0.126543
1 0.919106 0.678712 0.157677 0.144393
1 0.880083 0.61639 0.15761 0.144742
1 0.860248 0.569749 0.157722 0.145243
1 0.899576 0.694508 0.157971 0.14532
1 0.860713 0.600731 0.157959 0.144992
1 0.919195 0.710394 0.157966 0.145565
1 0.930276 0.0467666 0.139447 0.0935332
1 0.840985 0.647871 0.15848 0.145493
1 0.919145 0.647945 0.157363 0.145107
1 0.880057 0.585353 0.157701 0.145064
1 0.930012 0.69475 0.139976 0.144989
1 0.880122 0.553948 0.157571 0.144849
1 0.840849 0.616704 0.158115 0.145861
1 0.840985 0.585494 0.15834 0.145758
1 0.841026 0.679226 0.158278 0.14582
1 0.929965 0.725987 0.14007 0.145441
1 0.899718 0.600992 0.157734 0.145071
1 0.860345 0.694931 0.157938 0.146539
1 0.841034 0.554325 0.158274 0.146116
1 0.860943 0.538475 0.158603 0.145255
1 0.930097 0.663818 0.139805 0.145672
