0 0.197388 0.511058 0.156814 0.130205
0 0.183964 0.516508 0.114351 0.115285
0 0.212178 0.507576 0.114117 0.109188
1 0.237137 0.505228 0.0791836 0.127022
1 0.196668 0.486939 0.148464 0.055834
1 0.163982 0.517978 0.0683271 0.118217
1 0.164324 0.50318 0.091026 0.0956369
1 0.146833 0.517022 0.0621342 0.122371
1 0.254793 0.502593 0.0786705 0.145995
1 0.239916 0.525903 0.0824842 0.152623
1 0.24748 0.506272 0.0519921 0.0931321
1 0.23906 0.513222 0.0696819 0.0860275
0 0.207489 0.49547 0.202503 0.0794985
1 0.206151 0.480413 0.144788 0.050988
1 0.186694 0.496402 0.16187 0.0802931
1 0.209701 0.538013 0.145503 0.0470607
1 0.210101 0.541256 0.167796 0.0610165
1 0.219226 0.533151 0.116272 0.0495798
1 0.220996 0.526954 0.130539 0.139374
0 0.206777 0.523997 0.191842 0.130008
0 0.166645 0.5098 0.181692 0.151479
1 0.193724 0.481376 0.206257 0.0754642
1 0.184339 0.492919 0.125538 0.0593539
1 0.162502 0.503656 0.0653362 0.0858445
1 0.166943 0.517393 0.0837637 0.139683
1 0.152381 0.510345 0.0583352 0.0948404
1 0.185059 0.480023 0.125918 0.0440787
1 0.236368 0.524327 0.0772193 0.0603429
1 0.213911 0.493441 0.15144 0.0671666
1 0.177559 0.495528 0.0901977 0.0652515
0 0.205622 0.507728 0.152376 0.0945973
1 0.180882 0.486945 0.108891 0.0493113
1 0.219068 0.548862 0.146001 0.154656
2 0.179946 0.507813 0.179139 0.144288
1 0.192453 0.542125 0.155161 0.0443011
1 0.149659 0.51479 0.0867387 0.141831
1 0.129512 0.513656 0.0725476 0.129954
1 0.255279 0.499749 0.040606 0.0731095
1 0.183486 0.54435 0.173663 0.0603757
1 0.19296 0.527749 0.166441 0.0890377
1 0.169944 0.490329 0.174421 0.103713
1 0.21207 0.538805 0.117129 0.0402339
1 0.191191 0.47407 0.142545 0.0459873
1 0.257804 0.528456 0.0870137 0.1603
1 0.22308 0.524984 0.129762 0.0602131
1 0.216004 0.473678 0.141969 0.0485427
1 0.143452 0.516823 0.0540329 0.0945783
1 0.238958 0.545187 0.0962233 0.165419
1 0.154648 0.497521 0.051706 0.0722939
