0 0.859202 0.337038 0.145671 0.111934
1 0.902807 0.335784 0.0499108 0.0859561
0 0.909823 0.545333 0.0737366 0.0655586
0 0.876739 0.341775 0.120377 0.0895221
1 0.891675 0.341819 0.0536035 0.0757421
0 0.848979 0.341029 0.188713 0.134128
1 0.879424 0.321691 0.128417 0.0515749
0 0.830779 0.356165 0.184767 0.151983
1 0.875792 0.349838 0.0935719 0.0616851
1 0.876328 0.357411 0.0944584 0.0409735
1 0.912672 0.329148 0.0482617 0.0847018
1 0.910983 0.342865 0.0832589 0.137772
1 0.859432 0.343626 0.12824 0.0876133
1 0.878012 0.309127 0.131873 0.0468742
1 0.862786 0.321704 0.157242 0.065861
0 0.910398 0.546485 0.059124 0.0480256
1 0.893262 0.339991 0.0658795 0.0910351
1 0.799015 0.342578 0.0751936 0.108436
1 0.890576 0.316015 0.107069 0.0460568
