1 0.286265 0.566415 0.16049 0.136018
1 0.266363 0.582144 0.160353 0.136794
1 0.266688 0.551097 0.16091 0.136393
1 0.306027 0.582266 0.160192 0.136637
1 0.246723 0.56695 0.16102 0.1372
1 0.306098 0.551177 0.159934 0.136554
1 0.286463 0.535464 0.16047 0.136639
1 0.286269 0.598282 0.160669 0.137659
1 0.0876594 0.270186 0.160092 0.137613
1 0.325955 0.567003 0.159542 0.137293
1 0.246866 0.535671 0.160839 0.13779
1 0.226715 0.582809 0.160614 0.13851
1 0.0876848 0.238804 0.1604 0.137204
1 0.24653 0.598508 0.160744 0.138854
1 0.227017 0.551359 0.161403 0.137849
1 0.08764 0.301644 0.16004 0.138298
1 0.266843 0.520088 0.160757 0.137942
1 0.0877754 0.332883 0.160312 0.138356
1 0.207087 0.567239 0.160768 0.138517
1 0.325889 0.5988 0.159498 0.138922
1 0.107147 0.254758 0.159682 0.138134
1 0.266501 0.614361 0.160586 0.139452
1 0.0877226 0.364227 0.16017 0.138569
1 0.074784 0.254615 0.149568 0.138503
1 0.0877128 0.395466 0.160266 0.138469
1 0.107155 0.286163 0.159635 0.138496
1 0.0876352 0.426798 0.160124 0.138733
1 0.107259 0.317412 0.159499 0.138776
1 0.0747724 0.285836 0.149545 0.138922
1 0.306112 0.61448 0.159776 0.139649
1 0.0876227 0.458128 0.160053 0.139038
1 0.306368 0.520273 0.159889 0.138081
1 0.226915 0.520587 0.160635 0.139313
1 0.107346 0.348748 0.159955 0.138946
1 0.0877435 0.489366 0.160106 0.13914
1 0.286734 0.504897 0.160174 0.138905
1 0.08783 0.207902 0.160396 0.138143
1 0.107283 0.223545 0.159635 0.138299
1 0.20698 0.536258 0.160621 0.139343
1 0.246851 0.504903 0.160382 0.139154
1 0.206811 0.599024 0.160435 0.140236
1 0.107335 0.380093 0.159854 0.139138
1 0.0747176 0.317475 0.149435 0.139588
1 0.186939 0.583327 0.160552 0.139712
1 0.107188 0.442688 0.159884 0.139453
1 0.326004 0.536251 0.159022 0.138469
1 0.107366 0.411259 0.160074 0.139084
1 0.107418 0.473908 0.160314 0.139524
1 0.18715 0.551963 0.16085 0.139581
1 0.087767 0.520792 0.160282 0.13954
1 0.34562 0.583314 0.15896 0.138845
1 0.0749756 0.223499 0.149951 0.138866
1 0.266643 0.489397 0.160242 0.139436
1 0.0746195 0.411247 0.149239 0.139513
1 0.10738 0.505249 0.159932 0.139527
1 0.0747124 0.348704 0.149425 0.13965
1 0.0746376 0.442503 0.149275 0.139691
1 0.226605 0.614597 0.160819 0.140427
1 0.167204 0.567681 0.16064 0.139812
1 0.074694 0.380033 0.149388 0.1397
1 0.226871 0.48957 0.160547 0.139926
1 0.0878016 0.552079 0.160403 0.139818
1 0.187379 0.520778 0.160622 0.140147
1 0.107344 0.536454 0.159928 0.139926
1 0.207045 0.505193 0.160439 0.139912
1 0.206899 0.473888 0.160059 0.139844
1 0.127316 0.489545 0.16021 0.139639
1 0.147192 0.473901 0.160345 0.139903
1 0.127172 0.458361 0.159914 0.139967
1 0.167086 0.48967 0.16037 0.13991
1 0.186965 0.458304 0.16022 0.139896
1 0.246723 0.473916 0.160267 0.139882
1 0.127254 0.395761 0.159984 0.139774
1 0.074607 0.473923 0.149214 0.14014
1 0.0877526 0.58353 0.160279 0.139981
1 0.12711 0.427111 0.16002 0.139911
1 0.286334 0.630365 0.160411 0.140587
1 0.226891 0.458276 0.16024 0.139773
1 0.167321 0.442714 0.160629 0.139958
1 0.107432 0.567862 0.160136 0.140158
1 0.127057 0.270864 0.159422 0.1398
1 0.167246 0.536396 0.160567 0.140108
1 0.207085 0.442747 0.160362 0.139783
1 0.167016 0.599178 0.160519 0.140815
1 0.12711 0.302147 0.159685 0.139728
1 0.147156 0.583428 0.16056 0.140152
1 0.127181 0.364596 0.15992 0.139841
1 0.127225 0.333412 0.159808 0.139949
1 0.147165 0.505364 0.160281 0.140246
1 0.127117 0.521074 0.160041 0.140332
1 0.187148 0.426994 0.160192 0.13999
1 0.12714 0.239544 0.159461 0.139309
1 0.0746579 0.505172 0.149316 0.140216
1 0.127433 0.552165 0.160281 0.140216
1 0.107631 0.599299 0.160116 0.140586
1 0.286543 0.473981 0.159847 0.139861
1 0.246734 0.630482 0.160646 0.141173
1 0.266654 0.458391 0.160112 0.13999
1 0.34586 0.552146 0.158469 0.139036
1 0.147192 0.411618 0.16032 0.140173
1 0.246795 0.442813 0.160074 0.140155
1 0.226896 0.427217 0.160082 0.140133
1 0.147165 0.38036 0.160178 0.140286
1 0.306411 0.48979 0.159405 0.139948
1 0.0746022 0.536646 0.149204 0.14083
1 0.0880841 0.177099 0.160326 0.139721
1 0.107676 0.19266 0.160042 0.139349
1 0.1672 0.396086 0.160128 0.140597
1 0.186853 0.615162 0.160547 0.141723
1 0.207012 0.411689 0.16021 0.140546
1 0.147278 0.349199 0.159964 0.140462
1 0.0746284 0.567955 0.149257 0.141148
1 0.147287 0.317945 0.159863 0.140587
1 0.0879124 0.615071 0.160288 0.141325
1 0.14714 0.255549 0.1597 0.140682
1 0.167271 0.364919 0.160165 0.140741
1 0.147095 0.286825 0.159618 0.140845
1 0.187194 0.380557 0.160082 0.14082
1 0.266616 0.427483 0.159692 0.140707
1 0.127358 0.208543 0.159578 0.139949
1 0.246827 0.411812 0.159971 0.14085
1 0.127405 0.615154 0.160138 0.141552
1 0.266652 0.646315 0.160845 0.14149
1 0.345987 0.615292 0.158891 0.141557
1 0.227008 0.396269 0.16019 0.141082
1 0.326408 0.50549 0.159198 0.139944
1 0.0750737 0.192749 0.150147 0.140466
1 0.326106 0.630881 0.159344 0.14184
1 0.167206 0.333798 0.160112 0.141021
1 0.0746935 0.599574 0.149387 0.141882
1 0.207104 0.630827 0.16073 0.142411
1 0.286562 0.443067 0.159454 0.140631
1 0.187223 0.349437 0.16013 0.141128
1 0.0880206 0.146422 0.159958 0.140815
1 0.207135 0.365082 0.160181 0.14131
1 0.167291 0.302584 0.159895 0.141385
1 0.147262 0.224362 0.15984 0.140776
1 0.306183 0.646494 0.160231 0.141814
1 0.107664 0.631037 0.16009 0.142586
1 0.187173 0.318385 0.159935 0.141616
1 0.167262 0.271441 0.159913 0.14154
1 0.246951 0.380776 0.159861 0.141382
1 0.306421 0.4589 0.159133 0.14075
1 0.207161 0.333954 0.159851 0.141667
1 0.227052 0.349664 0.159872 0.141638
1 0.167232 0.240218 0.159859 0.141566
1 0.167163 0.631243 0.160565 0.143347
1 0.266785 0.396443 0.159586 0.141238
1 0.0750976 0.161974 0.150195 0.141788
1 0.10761 0.162132 0.159507 0.141407
1 0.22714 0.646646 0.161194 0.142903
1 0.0879279 0.115473 0.159543 0.141753
1 0.187317 0.287168 0.16 0.141933
1 0.365871 0.600049 0.157232 0.142034
1 0.365649 0.568353 0.157732 0.140434
1 0.346106 0.521463 0.158275 0.14061
1 0.0878489 0.0842787 0.159301 0.141762
1 0.187119 0.256087 0.159615 0.142084
1 0.286592 0.662462 0.160106 0.143111
1 0.0750065 0.130916 0.150013 0.142193
1 0.207152 0.302956 0.159617 0.142188
1 0.0749568 0.0998375 0.149914 0.142608
1 0.286709 0.412229 0.15898 0.141574
1 0.12749 0.17794 0.159624 0.141891
1 0.0661714 0.271302 0.132343 0.143253
1 0.247006 0.662588 0.160754 0.14366
1 0.0660776 0.302608 0.132155 0.143518
1 0.326301 0.474836 0.158237 0.14142
1 0.0746241 0.6315 0.149248 0.144534
1 0.0661361 0.427619 0.132272 0.143427
1 0.187307 0.647144 0.160992 0.144266
1 0.227118 0.318729 0.159385 0.142342
1 0.0660752 0.396522 0.13215 0.143781
1 0.0660421 0.334006 0.132084 0.143731
1 0.147389 0.193604 0.159807 0.141957
1 0.207237 0.271883 0.159361 0.142532
1 0.0659525 0.458908 0.131905 0.143523
1 0.0666412 0.239851 0.133282 0.143263
1 0.0658804 0.490452 0.131761 0.143976
1 0.167323 0.209264 0.159689 0.142233
1 0.0880323 0.647191 0.1607 0.144287
1 0.0661158 0.365319 0.132232 0.143957
1 0.127305 0.647261 0.160339 0.144295
1 0.107546 0.13148 0.159133 0.142667
1 0.0750576 0.0701079 0.150115 0.140216
1 0.0659544 0.521762 0.131909 0.144241
1 0.0881585 0.0626128 0.159866 0.125226
1 0.187235 0.225144 0.159589 0.142724
1 0.266773 0.3657 0.158666 0.142229
1 0.246877 0.334497 0.158866 0.142532
1 0.207244 0.663096 0.160907 0.145146
1 0.0658533 0.553091 0.131707 0.144615
1 0.306518 0.428285 0.158273 0.142295
1 0.326515 0.663031 0.159672 0.144364
1 0.207196 0.240883 0.158751 0.143004
1 0.22708 0.28787 0.158844 0.143255
1 0.107654 0.10044 0.158946 0.143412
1 0.0659353 0.584336 0.131871 0.144586
1 0.26698 0.678675 0.161007 0.144679
1 0.346041 0.647496 0.158639 0.144651
1 0.107777 0.663341 0.160336 0.145748
1 0.0666197 0.209236 0.133239 0.144784
1 0.167468 0.66327 0.161013 0.145855
1 0.127503 0.147491 0.1593 0.144146
1 0.227256 0.678996 0.161044 0.145688
1 0.107639 0.0706999 0.158807 0.1414
1 0.366165 0.537992 0.157077 0.142395
1 0.286606 0.381778 0.157708 0.142953
1 0.306575 0.679044 0.15995 0.14543
1 0.14756 0.16306 0.15981 0.144233
1 0.346315 0.491321 0.157119 0.142924
1 0.16744 0.178877 0.159712 0.144389
1 0.0747485 0.0551481 0.149497 0.110296
1 0.365931 0.632553 0.157599 0.145583
1 0.0657527 0.616483 0.131505 0.146716
1 0.187482 0.194462 0.159254 0.144151
1 0.187622 0.679281 0.161369 0.14675
1 0.226951 0.257203 0.157974 0.144226
1 0.0750285 0.663844 0.150057 0.147768
1 0.0667212 0.178468 0.133442 0.146484
1 0.246952 0.304169 0.157997 0.14434
