0 0.89241 0.495266 0.175302 0.143559
0 0.931841 0.475154 0.134703 0.0903128
0 0.909458 0.487121 0.158922 0.118291
1 0.937387 0.491963 0.107224 0.0565654
1 0.934324 0.455096 0.115684 0.0440019
1 0.878889 0.481881 0.115062 0.0830921
1 0.857148 0.499137 0.078363 0.0974724
1 0.920779 0.463173 0.126024 0.0549716
1 0.951744 0.499913 0.079495 0.16773
0 0.934621 0.46842 0.110151 0.0743527
1 0.933813 0.516351 0.0857997 0.177261
1 0.936145 0.448437 0.101963 0.0369165
1 0.953623 0.477427 0.0643062 0.0779061
1 0.839541 0.503629 0.0647547 0.0986394
1 0.927764 0.502159 0.117989 0.0556346
1 0.909885 0.470482 0.127544 0.0675619
