0 0.881546 0.616832 0.1142 0.089711
1 0.848163 0.617997 0.0418831 0.0893498
1 0.855682 0.614751 0.0547843 0.0784858
1 0.880712 0.638012 0.090108 0.0348907
1 0.874279 0.59557 0.113515 0.0438673
1 0.856445 0.606286 0.0483714 0.0596569
1 0.908978 0.625777 0.0494357 0.0960985
1 0.84834 0.608332 0.0380519 0.0617918
1 0.878944 0.634259 0.108841 0.044128
1 0.906406 0.62184 0.0815642 0.130274
1 0.877689 0.602424 0.129608 0.0557694
1 0.896839 0.623737 0.0702407 0.0753076
1 0.902505 0.621197 0.0675136 0.104907
1 0.87296 0.602114 0.0948741 0.0476169
1 0.92436 0.632599 0.0878471 0.154162
1 0.863248 0.596584 0.0677116 0.0396168
