0 0.674067 0.386995 0.164994 0.143966
0 0.664749 0.389213 0.126625 0.085647
1 0.663459 0.375611 0.0999324 0.046785
0 0.702242 0.368171 0.20077 0.148157
1 0.640289 0.38584 0.046948 0.0564153
1 0.654156 0.376618 0.0705205 0.0425639
1 0.693014 0.396593 0.128099 0.0556095
1 0.650618 0.38347 0.0701929 0.0550405
0 0.694749 0.392843 0.229566 0.184124
1 0.630881 0.39459 0.045466 0.0711929
0 0.973392 0.739016 0.0532157 0.0506035
1 0.660112 0.375273 0.0991213 0.105509
1 0.672391 0.368771 0.103451 0.0482125
