0 0.816497 0.396214 0.092897 0.0745114
0 0.813348 0.47271 0.0980588 0.0773811
0 0.93776 0.646729 0.0727619 0.0644042
1 0.800169 0.401128 0.0460302 0.0770564
0 0.818026 0.481234 0.118601 0.0897507
1 0.823382 0.383653 0.0937138 0.0379166
1 0.792279 0.406704 0.0428949 0.0846963
1 0.835424 0.399939 0.0609362 0.0871274
0 0.845359 0.573711 0.100147 0.0892875
1 0.842027 0.393803 0.0436283 0.0753956
1 0.836082 0.411608 0.0698842 0.0791677
1 0.822551 0.377516 0.0890248 0.0326033
1 0.790149 0.471316 0.0510344 0.0866563
1 0.817863 0.421739 0.110527 0.0537397
1 0.811427 0.391159 0.0598261 0.0506025
0 0.818285 0.414713 0.131591 0.138562
1 0.819471 0.432499 0.1219 0.0714832
0 0.818798 0.457607 0.13357 0.175937
1 0.799621 0.472442 0.0622722 0.0830918
0 0.828927 0.472721 0.152018 0.135296
1 0.826734 0.465954 0.128299 0.0685257
1 0.803422 0.389946 0.0489571 0.0580504
1 0.811659 0.460853 0.109961 0.0659776
0 0.817588 0.409998 0.111591 0.105386
1 0.86386 0.571714 0.04999 0.0878201
1 0.810699 0.450228 0.119363 0.0846174
0 0.825581 0.505886 0.152918 0.189661
