0 0.900818 0.32568 0.154 0.13163
1 0.927182 0.326423 0.0847659 0.149786
0 0.844208 0.497149 0.0854218 0.0643907
0 0.889495 0.341724 0.157949 0.150481
0 0.852621 0.542704 0.102491 0.0823853
1 0.945554 0.330463 0.0821074 0.155574
1 0.928753 0.35989 0.0867429 0.177844
0 0.864439 0.357853 0.174879 0.163567
1 0.86571 0.316995 0.0518474 0.0861798
0 0.937346 0.164119 0.125307 0.13805
1 0.901512 0.291787 0.125459 0.0455325
1 0.859091 0.325881 0.0650916 0.128189
0 0.954164 0.146519 0.0916712 0.0871901
1 0.962992 0.164997 0.0740168 0.154336
