0 0.845517 0.557919 0.177552 0.148252
1 0.888234 0.564703 0.0831438 0.166355
1 0.870296 0.574528 0.0929245 0.152833
0 0.845245 0.543128 0.208682 0.105641
1 0.888511 0.595984 0.0845413 0.187582
0 0.856046 0.570849 0.130044 0.137728
1 0.906498 0.568146 0.101463 0.176528
0 0.83423 0.564266 0.141625 0.127642
0 0.834418 0.591106 0.165722 0.152687
1 0.891781 0.550188 0.0569507 0.105989
2 0.811752 0.550595 0.194702 0.169401
1 0.796276 0.553307 0.0615381 0.109197
1 0.884034 0.543129 0.114438 0.15848
1 0.794455 0.544804 0.0859392 0.106167
