0 0.274538 0.421926 0.148449 0.124986
1 0.314467 0.426881 0.0771142 0.162143
0 0.273101 0.416152 0.134347 0.0954659
1 0.273134 0.392495 0.126599 0.0499886
0 0.256723 0.440357 0.182697 0.147935
1 0.296657 0.43107 0.0827755 0.144923
1 0.265953 0.385951 0.121854 0.0432864
1 0.309293 0.424112 0.0562597 0.110913
1 0.243616 0.402708 0.0501348 0.0720724
1 0.298838 0.427844 0.0776793 0.0928934
1 0.267258 0.434526 0.141406 0.075478
1 0.31552 0.416433 0.0424148 0.0772141
1 0.298064 0.442253 0.0835241 0.0782991
1 0.242612 0.408752 0.0598787 0.0877702
1 0.309309 0.412333 0.0919693 0.126106
1 0.229494 0.428102 0.0970477 0.162024
1 0.281047 0.399296 0.133018 0.0612446
1 0.235507 0.402942 0.0472497 0.0767281
1 0.255423 0.388099 0.220914 0.0781836
1 0.263292 0.379179 0.120811 0.040893
0 0.275681 0.400238 0.179444 0.0750552
1 0.257662 0.400699 0.0877929 0.0632633
1 0.299154 0.462983 0.0926249 0.152807
1 0.316714 0.429038 0.0496409 0.0912545
1 0.311282 0.439274 0.0632511 0.118728
1 0.299875 0.411909 0.0705604 0.0998983
1 0.263807 0.420707 0.119833 0.0804643
1 0.263862 0.401047 0.174475 0.079887
1 0.332987 0.43001 0.0831645 0.162174
0 0.226031 0.460231 0.211961 0.159645
1 0.228202 0.416932 0.073563 0.134402
2 0.246943 0.424365 0.191094 0.167202
