1 0.094968 0.115652 0.061842 0.079953
1 0.032945 0.115457 0.062560 0.079953
1 0.063985 0.095514 0.123716 0.040983
1 0.063983 0.136402 0.123720 0.039508
1 0.263942 0.559716 0.024797 0.056506
1 0.239619 0.559918 0.023464 0.056506
1 0.131206 0.435594 0.073506 0.128360
1 0.163835 0.404288 0.139876 0.064553
1 0.164068 0.468918 0.139872 0.062919
2 0.092064 0.112622 0.044022 0.030165
8 0.085084 0.050413 0.065196 0.052078
0 0.187356 0.435081 0.115750 0.082777
2 0.164134 0.436043 0.144036 0.131327
10 0.252342 0.559749 0.050388 0.057425
8 0.064088 0.115507 0.127073 0.083321
1 0.068942 0.049955 0.031390 0.049626
1 0.100889 0.050078 0.031935 0.049626
1 0.084796 0.040183 0.063474 0.028740
