1 0.714713 0.423343 0.012146 0.020330
1 0.727214 0.423339 0.012571 0.020406
1 0.835673 0.294572 0.204368 0.073789
8 0.923209 0.102725 0.081911 0.096433
2 0.830839 0.210182 0.121850 0.077811
2 0.919848 0.373401 0.093154 0.051657
1 0.887661 0.334213 0.102821 0.152962
1 0.836886 0.371663 0.208129 0.078061
2 0.835712 0.333461 0.207339 0.153545
2 0.720925 0.423385 0.025843 0.021524
1 0.923059 0.079095 0.080525 0.047729
1 0.923304 0.126947 0.080821 0.046902
1 0.943734 0.102814 0.039604 0.095225
1 0.902932 0.102786 0.041350 0.095111
1 0.831034 0.230959 0.119218 0.035352
1 0.804886 0.210037 0.066300 0.076799
1 0.783738 0.333783 0.100525 0.151194
